0.98463
0.00662
0.07442
0.01239
0.00468
0.05486
0.31236
0.00365
0.00539
0.00593
0.02367
0.00298
0.78735
0.06011
0.01749
0.06561
0.05071
0.00296
0.81796
0.03785
0.02563
0.00335
0.04645
0.00639
0.01518
0.01222
0.03379
0.02092
0.03076
0.00775
0.91028
0.00865
0.32233
0.00333
0.01024
0.00340
0.00677
0.23347
0.01511
0.23254
0.40552
0.04710
0.00414
0.67648
0.01716
0.00331
0.00644
0.03622
0.01766
0.02708
0.29125
0.15085
0.00326
0.98758
0.01070
0.11549
0.00362
0.01640
0.01085
0.00348
0.93664
0.14848
0.00456
0.00620
0.12177
0.93325
0.32433
0.98997
0.90986
0.00304
0.84565
0.04764
0.06133
0.01235
0.05092
0.06335
0.00542
0.00289
0.47023
0.02609
0.04428
0.69785
0.74506
0.00686
0.73926
0.66878
0.00300
0.00574
0.09059
0.28552
0.01849
0.00499
0.00307
0.02566
0.00588
0.00662
0.30959
0.05697
0.03220
0.00355
0.92653
0.00369
0.55438
0.04476
0.03148
0.36831
0.00292
0.01464
0.88627
0.00293
0.08070
0.87637
0.86933
0.00407
0.22712
0.03817
0.62936
0.08030
0.07368
0.06402
0.00402
0.34792
0.03539
0.00291
0.00401
0.01132
0.00568
0.92116
0.00435
0.00457
0.03923
0.00835
0.00329
0.23541
0.00547
0.00485
0.04922
0.01893
0.00770
0.00414
0.05702
0.14229
0.10197
0.00867
0.00354
0.01547
0.74528
0.97499
0.00497
0.05366
0.05273
0.00320
0.59189
0.00356
0.16903
0.00358
0.00314
0.02278
0.55629
0.00602
0.42041
0.02387
0.00299
0.10428
0.39135
0.76150
0.17350
0.18864
0.17523
0.32881
0.00294
0.03256
0.00289
0.01005
0.00292
0.92072
0.74953
0.16773
0.91965
0.00928
0.00552
0.01202
0.04527
0.29133
0.02182
0.76949
0.00361
0.00367
0.75346
0.11420
0.03572
0.05826
0.00982
0.00303
0.78303
0.12109
0.01134
0.03863
0.60881
0.03155
0.00401
0.00598
0.64655
0.97009
0.01287
0.07697
0.00920
0.00305
0.53026
0.00289
0.01667
0.00314
0.00289
0.00322
0.01159
0.00674
0.21212
0.00472
0.06407
0.04662
0.00311
0.00425
0.03235
0.53630
0.20914
0.33208
0.02826
0.02363
0.48577
0.21549
0.00459
0.04888
0.00558
0.43433
0.11993
0.05211
0.01151
0.11694
0.00324
0.96799
0.02970
0.01144
0.00475
0.00375
0.02498
0.24869
0.44079
0.00297
0.18796
0.01864
0.04715
0.00328
0.54248
0.75807
0.00663
0.75742
0.00482
0.10037
0.47985
0.00904
0.18426
0.00342
0.05133
0.00310
0.00388
0.01561
0.60196
0.10862
0.01061
0.00740
0.00505
0.08345
0.15337
0.03279
0.00306
0.27696
0.95570
0.01004
0.03164
0.01856
0.35499
0.57324
0.07660
0.00857
0.08583
0.00543
0.37929
0.75665
0.00727
0.75453
0.01080
0.00911
0.00293
0.71878
0.00289
0.00596
0.46531
0.01055
0.37456
0.09784
0.00324
0.32790
0.00419
0.00397
0.95486
0.01347
0.00396
0.01120
0.00290
0.00312
0.10875
0.65388
0.96355
0.00350
0.12318
0.82709
0.00419
0.04427
0.02751
0.00510
0.01360
0.10966
0.00435
0.00296
0.00334
0.01028
0.03792
0.01620
0.00307
0.86322
0.01554
0.92902
0.00516
0.10679
0.00977
0.00359
0.00535
0.03597
0.09193
0.11935
0.37045
0.01144
0.77000
0.17162
0.98413
0.00349
0.28229
0.00706
0.00383
0.86248
0.72909
0.00373
0.00421
0.00304
0.01646
0.17959
0.00290
0.02228
0.00292
0.07371
0.77536
0.01013
0.05862
0.00488
0.72822
0.01052
0.13124
0.00972
0.81358
0.00331
0.55124
0.10713
0.07857
0.01587
0.01814
0.96433
0.00485
0.34290
0.00389
0.56798
0.00384
0.00396
0.03425
0.98880
0.80429
0.01008
0.57439
0.00453
0.00316
0.01279
0.05616
0.01848
0.00580
0.31129
0.00815
0.00346
0.67418
0.01798
0.64935
0.00595
0.08439
0.00978
0.00629
0.09532
0.02446
0.00301
0.08685
0.03706
0.01432
0.02155
0.05480
0.00307
0.60431
0.00297
0.00375
0.33456
0.23307
0.01022
0.00630
0.01412
0.03811
0.05631
0.97183
0.15455
0.01388
0.78801
0.00291
0.17276
0.09008
0.00359
0.01901
0.04064
0.39882
0.00472
0.00771
0.97745
0.44107
0.01050
0.00484
0.07627
0.03171
0.11954
0.32680
0.00448
0.00965
0.09302
0.00346
0.48726
0.00333
0.04481
0.21880
0.00973
0.01184
0.00671
0.01232
0.03125
0.00475
0.05000
0.02885
0.03851
0.00587
0.13806
0.54040
0.02526
0.00574
0.97201
0.00680
0.00692
0.00794
0.00846
0.00343
0.03359
0.95559
0.00553
0.02478
0.00500
0.00325
0.73836
0.18889
0.29212
0.19223
0.05288
0.00560
0.91636
0.23058
0.01054
0.92920
0.00488
0.00327
0.00470
0.00295
0.00322
0.00342
0.01217
0.19580
0.03342
0.00352
0.00291
0.01820
0.03741
0.00321
0.00441
0.10105
0.00641
0.08180
0.81233
0.12741
0.03171
0.00643
0.00368
0.00210
0.00153
0.01331
0.00542
0.01160
0.01526
0.00142
0.00285
0.00563
0.00449
0.00179
0.01823
0.00184
0.00658
0.00397
0.00233
0.01332
0.00268
0.01446
0.00240
0.01104
0.00301
0.01507
0.00749
0.00871
0.00227
0.00542
0.00258
0.00312
0.00166
0.00131
0.00496
0.00493
0.00272
0.00156
0.02574
0.00168
0.00630
0.00194
0.00175
0.00302
0.00247
0.00167
0.00200
0.00303
0.11030
0.00217
0.00330
0.00349
0.00393
0.00313
0.00181
0.00730
0.27106
0.03412
0.00290
0.00356
0.00564
0.00217
0.00376
0.00555
0.00968
0.00286
0.00366
0.01411
0.00398
0.02430
0.00272
0.00326
0.00228
0.00313
0.03409
0.00224
0.00295
0.00234
0.00220
0.00275
0.06643
0.00987
0.00217
0.00209
0.00634
0.00267
0.00850
0.00331
0.00347
0.00191
0.00379
0.00292
0.00297
0.01075
0.00503
0.00334
0.00394
0.00997
0.00372
0.00222
0.00441
0.00392
0.09056
0.00614
0.00286
0.00308
0.00417
0.04086
0.00424
0.00219
0.00160
0.00185
0.00384
0.00608
0.00450
0.00185
0.00295
0.00355
0.00495
0.01824
0.00338
0.00722
0.00204
0.00151
0.00473
0.00311
0.00351
0.00607
0.00208
0.00901
0.01407
0.00589
0.00169
0.00480
0.00592
0.00271
0.02323
0.00262
0.01977
0.00211
0.00331
0.36627
0.00266
0.00438
0.00467
0.03327
0.00457
0.00310
0.00175
0.00357
0.00396
0.00511
0.00560
0.03168
0.00555
0.01254
0.00234
0.00390
0.00202
0.00710
0.00341
0.00361
0.01767
0.01609
0.00497
0.02720
0.00456
0.01708
0.00502
0.00212
0.00635
0.00300
0.00165
0.00704
0.00345
0.00430
0.00616
0.00301
0.00163
0.00796
0.00356
0.00506
0.02222
0.00140
0.00393
0.00173
0.00365
0.00430
0.00290
0.00652
0.01000
0.00187
0.01103
0.00246
0.00919
0.00269
0.00253
0.00635
0.00489
0.00904
0.00351
0.00716
0.00208
0.00310
0.00263
0.00474
0.24495
0.00406
0.00227
0.00153
0.00389
0.00539
0.00326
0.00275
0.00198
0.00382
0.00318
0.00358
0.00219
0.00197
0.00314
0.00213
0.00385
0.00454
0.00301
0.00135
0.00248
0.00335
0.00202
0.00263
0.00507
0.00347
0.00197
0.00139
0.00392
0.00243
0.00595
0.00198
0.00405
0.00500
0.00175
0.00149
0.00299
0.02648
0.00214
0.00272
0.00172
0.00165
0.00662
0.00240
0.00341
0.00222
0.00173
0.02711
0.00279
0.00262
0.00274
0.01553
0.20499
0.00723
0.00362
0.02494
0.00244
0.00163
0.00692
0.00750
0.00542
0.00188
0.00343
0.00292
0.01990
0.00343
0.00465
0.00564
0.01403
0.00251
0.00269
0.00323
0.00242
0.00223
0.00816
0.00483
0.00324
0.00236
0.00650
0.00371
0.00533
0.00484
0.00213
0.00401
0.00171
0.00369
0.01000
0.00920
0.00168
0.00650
0.00321
0.00247
0.00374
0.00170
0.00161
0.00614
0.02097
0.01540
0.00728
0.00181
0.00254
0.01132
0.00654
0.01036
0.00241
0.01126
0.01879
0.00679
0.00163
0.00150
0.00698
0.00582
0.02699
0.01609
0.00366
0.01558
0.00340
0.04032
0.00212
0.00340
0.00313
0.00370
0.01456
0.00223
0.00231
0.00601
0.00181
0.00351
0.00194
0.00259
0.00399
0.00211
0.01891
0.00208
0.00484
0.00362
0.00719
0.00211
0.00220
0.01184
0.00343
0.02529
0.00227
0.00221
0.00294
0.00176
0.00241
0.01224
0.00677
0.00158
0.03298
0.00467
0.00491
0.00206
0.00416
0.00154
0.00143
0.00453
0.00220
0.01308
0.00218
0.00472
0.01604
0.00341
0.00425
0.00772
0.00737
0.01474
0.00533
0.00566
0.00286
0.00296
0.01335
0.00688
0.00177
0.00311
0.00163
0.00285
0.00388
0.00668
0.00134
0.02715
0.00313
0.00451
0.00208
0.00170
0.00302
0.00383
0.00290
0.00414
0.00561
0.00963
0.00206
0.00165
0.01003
0.00915
0.00188
0.00380
0.02839
0.00707
0.00508
0.00261
0.00176
0.01221
0.00354
0.00332
0.00316
0.00360
0.00381
0.00258
0.00141
0.00300
0.00238
0.00755
0.00318
0.00254
0.00188
0.00263
0.00703
0.00852
0.00196
0.00297
0.00519
0.00265
0.00694
0.00475
0.00352
0.00668
0.00156
0.00197
0.00729
0.00332
0.00436
0.00391
0.00623
0.00369
0.01404
0.00224
0.00520
0.00247
0.00827
0.00268
0.00391
0.00528
0.00265
0.00440
0.00511
0.00244
0.00221
0.00197
0.00235
0.00348
0.00160
0.00219
0.00746
0.00276
0.06976
0.00302
0.00222
0.00312
0.01779
0.00153
0.00163
0.00203
0.00526
0.01311
0.00234
0.00185
0.00514
0.00198
0.00290
0.00161
0.07907
0.00190
0.00744
0.25668
0.01019
0.00648
0.00619
0.05543
0.00162
0.00779
0.00321
0.01301
0.00148
0.02352
0.00602
0.00700
0.00191
0.01397
0.00264
0.00818
0.06063
0.00332
0.00279
0.69493
0.00268
0.00260
0.00957
0.00812
0.04216
0.01115
0.01841
0.00207
0.00420
0.00586
0.01392
0.00231
0.00293
0.00367
0.00146
0.00557
0.00903
0.02581
0.00632
0.00246
0.00384
0.00230
0.00149
0.00364
0.00782
0.00653
0.00250
0.00236
0.00378
0.02290
0.04030
0.00500
0.00226
0.02342
0.00199
0.00759
0.01940
0.00481
0.00226
0.00268
0.00272
0.00384
0.00226
0.00457
0.00342
0.01187
0.00482
0.01662
0.00160
0.00327
0.00204
0.00292
0.00203
0.00168
0.00279
0.00177
0.00515
0.00185
0.00653
0.01456
0.00924
0.00222
0.01438
0.00529
0.00219
0.00412
0.00530
0.00253
0.00220
0.00528
0.03281
0.00189
0.00340
0.00175
0.01204
0.00280
0.00605
0.01066
0.00148
0.00306
0.00450
0.00604
0.00269
0.00209
0.02065
0.00156
0.08186
0.01106
0.01332
0.15169
0.00562
0.00262
0.00265
0.00250
0.00220
0.00501
0.00550
0.00390
0.00912
0.00926
0.00231
0.00504
0.00231
0.00495
0.00381
0.00936
0.01553
0.00365
0.01968
0.00244
0.00455
0.00397
0.00317
0.00304
0.00290
0.00472
0.00662
0.00936
0.00241
0.00893
0.00359
0.00474
0.00529
0.09845
0.00275
0.10307
0.00207
0.01092
0.00297
0.00566
0.00970
0.00360
0.00181
0.00355
0.01083
0.00220
0.00421
0.00170
0.00803
0.00319
0.00362
0.00173
0.00449
0.00246
0.00233
0.01089
0.00264
0.00219
0.00233
0.00348
0.00219
0.00244
0.00644
0.00271
0.00309
0.00166
0.00323
0.00521
0.00281
0.00245
0.00294
0.00942
0.00242
0.01347
0.00870
0.03997
0.00177
0.00435
0.00213
0.00278
0.00267
0.00431
0.00139
0.00259
0.00224
0.00551
0.00275
0.00611
0.00174
0.00737
0.00526
0.00505
0.00367
0.00436
0.00301
0.00409
0.04611
0.00288
0.00454
0.00318
0.00466
0.00204
0.28464
0.01114
0.00197
0.00273
0.03675
0.27709
0.01242
0.07125
0.00335
0.00576
0.01606
0.00688
0.00493
0.01316
0.00239
0.00457
0.00275
0.00223
0.00137
0.00332
0.00534
0.00364
0.00452
0.00335
0.00413
0.00171
0.00349
0.00283
0.00262
0.00235
0.00731
0.00378
0.00416
0.00197
0.00203
0.00365
0.00437
0.00243
0.01319
0.00252
0.00168
0.00166
0.00148
0.00313
0.00228
0.00501
0.00600
0.00213
0.00379
0.06601
0.00690
0.00504
0.00174
0.00235
0.00304
0.00285
0.00183
0.00572
0.00395
0.00364
0.00158
0.00425
0.00172
0.02172
0.00190
0.15079
0.00274
0.00224
0.00373
0.01198
0.00138
0.00173
0.00425
0.00418
0.01013
0.00526
0.00487
0.16391
0.00326
0.25019
0.01957
0.00209
0.00276
0.00334
0.00170
0.00238
0.00616
0.00538
0.00203
0.00398
0.02604
0.00281
0.00616
0.00442
0.00248
0.00276
0.00313
0.00212
0.00144
0.00326
0.01654
0.00314
0.00232
0.00304
0.00137
0.00173
0.00235
0.00534
0.02774
0.00333
0.08583
0.12168
0.00235
0.00238
0.00275
0.00224
0.00368
0.00253
0.01267
0.00410
0.00458
0.00156
0.00364
0.00197
0.00305
0.01493
0.00402
0.00233
0.00960
0.00334
0.00455
0.00371
0.00247
0.00397
0.00791
0.00297
0.00488
0.00219
0.00253
0.00509
0.00478
0.00546
0.00131
0.01781
0.00358
0.00223
0.00171
0.00614
0.00268
0.00276
0.00467
0.00339
0.04309
0.02226
0.00239
0.00246
0.00210
0.00131
0.00411
0.00132
0.00173
0.00132
0.00169
0.00370
0.13384
0.00139
0.00723
0.00135
0.00154
0.00134
0.69492
0.00184
0.00180
0.00131
0.00534
0.00134
0.07431
0.00709
0.00185
0.70706
0.19502
0.00221
0.00888
0.00476
0.76611
0.00230
0.00136
0.00148
0.00139
0.41090
0.00131
0.00277
0.00295
0.00178
0.00757
0.00131
0.01079
0.00136
0.00149
0.00299
0.01599
0.00191
0.00156
0.00324
0.00155
0.00170
0.00201
0.00147
0.01646
0.45752
0.10794
0.00160
0.06259
0.02953
0.00155
0.00144
0.00185
0.00132
0.00239
0.02511
0.00132
0.00145
0.71659
0.00601
0.00336
0.02058
0.00258
0.00131
0.00195
0.01757
0.00412
0.00133
0.00333
0.00640
0.00311
0.00144
0.00133
0.00145
0.14603
0.00151
0.79631
0.00787
0.00157
0.00193
0.00358
0.00218
0.00296
0.00140
0.00132
0.00249
0.00245
0.00191
0.00133
0.00178
0.00286
0.47297
0.19783
0.00148
0.04024
0.00137
0.00168
0.00575
0.00367
0.90914
0.02858
0.04012
0.00481
0.00188
0.01018
0.00425
0.00270
0.00284
0.00171
0.00148
0.00224
0.00148
0.00131
0.00423
0.00189
0.01180
0.03027
0.00183
0.00176
0.00346
0.00575
0.00804
0.00145
0.00430
0.00250
0.03963
0.03757
0.00225
0.00535
0.03628
0.01008
0.00182
0.01264
0.00314
0.00163
0.00862
0.00167
0.00236
0.00869
0.25769
0.00272
0.00332
0.02089
0.03764
0.00131
0.02807
0.00336
0.00164
0.00280
0.00135
0.00855
0.00383
0.17649
0.00165
0.00744
0.00174
0.04186
0.00137
0.00131
0.00323
0.00132
0.00154
0.00183
0.00133
0.00297
0.01143
0.01065
0.00171
0.00206
0.00140
0.00418
0.04478
0.03098
0.00362
0.01020
0.00797
0.00179
0.01673
0.00134
0.00458
0.00238
0.05793
0.00195
0.00268
0.00171
0.00423
0.00167
0.00297
0.00513
0.00253
0.00589
0.00181
0.00170
0.00331
0.00769
0.00280
0.00134
0.00143
0.00275
0.00317
0.00778
0.00541
0.00162
0.00143
0.00888
0.01029
0.31632
0.00439
0.00375
0.00137
0.01554
0.00147
0.01037
0.00463
0.00240
0.00200
0.03963
0.00139
0.00240
0.00266
0.00538
0.00162
0.00288
0.00149
0.00152
0.00131
0.00135
0.00551
0.02641
0.01775
0.01041
0.00148
0.00209
0.00409
0.00206
0.00753
0.01547
0.00793
0.00134
0.00646
0.04342
0.00131
0.00131
0.00146
0.00525
0.02664
0.00213
0.90029
0.00142
0.00252
0.00166
0.00162
0.00374
0.00131
0.00826
0.00156
0.05191
0.00155
0.00142
0.00266
0.00131
0.00737
0.00136
0.00774
0.16316
0.00165
0.01314
0.00156
0.00174
0.00141
0.00326
0.00228
0.01301
0.00198
0.00131
0.00147
0.00169
0.00152
0.00187
0.00132
0.01473
0.03024
0.00787
0.00136
0.00142
0.00373
0.04793
0.00144
0.00191
0.02148
0.84619
0.69831
0.00238
0.00224
0.00189
0.01193
0.00617
0.00175
0.00152
0.00205
0.00156
0.13693
0.00135
0.00135
0.00232
0.14708
0.00276
0.00308
0.00597
0.00137
0.00317
0.00149
0.07562
0.00734
0.01031
0.02883
0.00559
0.00254
0.00154
0.02052
0.00333
0.00132
0.00131
0.04852
0.00134
0.00629
0.00930
0.76192
0.00259
0.00131
0.00300
0.00149
0.00183
0.00535
0.01341
0.00149
0.00321
0.00170
0.00443
0.00288
0.00130
0.00131
0.12033
0.00329
0.01035
0.00155
0.12514
0.00167
0.00280
0.00250
0.00204
0.00138
0.00239
0.00451
0.00137
0.00357
0.00449
0.01420
0.00321
0.00147
0.00545
0.14439
0.00160
0.00216
0.00152
0.00744
0.13013
0.33392
0.00233
0.92943
0.00140
0.00131
0.00191
0.00188
0.01351
0.00134
0.00141
0.81340
0.00169
0.01243
0.04818
0.44348
0.00834
0.01781
0.03532
0.00141
0.00225
0.00136
0.00162
0.00133
0.00274
0.56586
0.00133
0.00158
0.00215
0.12070
0.00131
0.00322
0.00268
0.00131
0.00141
0.00142
0.00217
0.00157
0.01373
0.11371
0.01745
0.00183
0.00162
0.00136
0.03127
0.00242
0.00169
0.00883
0.01246
0.01054
0.01171
0.00134
0.00135
0.00229
0.00180
0.00184
0.37668
0.62258
0.00153
0.00250
0.00139
0.05069
0.06544
0.00243
0.00133
0.00234
0.00333
0.00428
0.00161
0.00937
0.00728
0.00132
0.00159
0.01325
0.00173
0.00366
0.00140
0.01650
0.00131
0.00156
0.00150
0.00147
0.00146
0.00183
0.00131
0.00256
0.06853
0.02099
0.00135
0.00308
0.00290
0.00136
0.00139
0.00183
0.01933
0.00189
0.00211
0.00271
0.01178
0.00184
0.00140
0.00382
0.00745
0.00214
0.12297
0.00158
0.00149
0.00198
0.00133
0.00145
0.01086
0.00131
0.00233
0.00175
0.00143
0.00975
0.00243
0.01017
0.00325
0.00350
0.00136
0.12445
0.00146
0.00740
0.00243
0.00220
0.00149
0.00132
0.00275
0.00141
0.00294
0.00174
0.00815
0.85288
0.00393
0.00131
0.00155
0.00473
0.00260
0.00405
0.00131
0.00136
0.00428
0.94968
0.00185
0.00139
0.00635
0.01096
0.00153
0.00136
0.00996
0.00832
0.00500
0.32660
0.22217
0.14593
0.00201
0.00211
0.20668
0.01867
0.00132
0.00132
0.01847
0.00138
0.00172
0.01297
0.00188
0.00134
0.00362
0.01211
0.00187
0.00177
0.00155
0.00346
0.00159
0.00762
0.00213
0.00240
0.13721
0.00453
0.90678
0.16233
0.00150
0.00149
0.00342
0.00138
0.00300
0.00137
0.00159
0.00157
0.00409
0.33071
0.04573
0.12568
0.00994
0.16243
0.82283
0.00167
0.00647
0.00364
0.01222
0.00174
0.00164
0.00221
0.00150
0.00218
0.00455
0.00153
0.00233
0.00166
0.02581
0.00132
0.03000
0.00167
0.00131
0.08744
0.00154
0.00195
0.00258
0.00565
0.00132
0.00463
0.00248
0.02203
0.17086
0.03067
0.01397
0.00171
0.07718
0.01452
0.00213
0.00206
0.00220
0.00275
0.00275
0.01356
0.00171
0.00156
0.00163
0.00596
0.22223
0.00555
0.00200
0.00157
0.00135
0.00534
0.00131
0.07420
0.00131
0.00131
0.05703
0.00294
0.00205
0.00635
0.00323
0.07489
0.00295
0.31155
0.00226
0.00282
0.00455
0.00153
0.00149
0.10119
0.01433
0.00131
0.00324
0.00205
0.00178
0.00136
0.00608
0.00174
0.00462
0.00439
0.00173
0.00320
0.00144
0.00136
0.00131
0.00570
0.00151
0.00181
0.01285
0.00143
0.01507
0.00144
0.00131
0.00450
0.00131
0.00186
0.55893
0.00296
0.01149
0.00132
0.02369
0.00587
0.02558
0.28045
0.00286
0.00140
0.00243
0.03049
0.00145
0.00173
0.00142
0.00397
0.01139
0.00141
0.00239
0.00269
0.05922
0.00195
0.01628
0.00172
0.00200
0.00454
0.02346
0.00237
0.00379
0.01505
0.72572
0.00627
0.00166
0.00282
0.00135
0.02250
0.00468
0.00131
0.00338
0.00134
0.00801
0.00191
0.00228
0.00133
0.19806
0.00133
0.00136
0.00248
0.02571
0.00301
0.05421
0.00205
0.00475
0.01804
0.00881
0.00135
0.00196
0.00133
0.01409
0.00141
0.02252
0.00131
0.00131
0.00170
0.00300
0.00177
0.03685
0.34225
0.04733
0.03101
0.01987
0.01746
0.00802
0.82584
0.00574
0.01286
0.01450
0.26028
0.01842
0.02504
0.01803
0.02282
0.01383
0.02110
0.01924
0.01359
0.01345
0.01540
0.12865
0.01761
0.01569
0.05715
0.01039
0.01426
0.01180
0.02317
0.01805
0.00596
0.09564
0.04132
0.03906
0.05651
0.01207
0.01164
0.02402
0.01472
0.21994
0.00482
0.02141
0.00868
0.02831
0.05134
0.02253
0.04317
0.01845
0.02125
0.00684
0.00866
0.03634
0.10161
0.02810
0.00973
0.00886
0.00747
0.00528
0.03354
0.00585
0.01422
0.00849
0.00608
0.04535
0.02159
0.01320
0.43737
0.00718
0.00940
0.26377
0.04609
0.01414
0.02442
0.19355
0.05630
0.00693
0.01608
0.01868
0.00498
0.02682
0.02155
0.00790
0.01288
0.03386
0.07011
0.12806
0.10792
0.05072
0.00923
0.01205
0.01043
0.01195
0.37052
0.00931
0.01145
0.01059
0.01414
0.00589
0.14964
0.01118
0.00787
0.00760
0.02082
0.03119
0.01471
0.01551
0.03340
0.00725
0.00758
0.01352
0.80286
0.01374
0.06541
0.02231
0.01355
0.05500
0.00637
0.05919
0.00456
0.00544
0.02817
0.10449
0.04198
0.13044
0.00827
0.00897
0.01517
0.07760
0.01386
0.01151
0.04707
0.00894
0.03524
0.02684
0.01119
0.00856
0.07944
0.14688
0.05023
0.03289
0.01622
0.39289
0.00744
0.00549
0.00934
0.02585
0.02501
0.46771
0.04953
0.01990
0.00829
0.04754
0.01128
0.01233
0.00565
0.00636
0.10251
0.02750
0.00765
0.01517
0.04289
0.01142
0.04057
0.01032
0.01117
0.23386
0.02584
0.01476
0.01043
0.01454
0.01499
0.03026
0.00763
0.02700
0.01282
0.01839
0.05724
0.02776
0.02034
0.00473
0.90771
0.01859
0.00661
0.03655
0.03112
0.00575
0.00659
0.01378
0.01320
0.01910
0.00593
0.06464
0.12156
0.01694
0.01287
0.18479
0.01297
0.01682
0.01162
0.52680
0.01447
0.04723
0.00786
0.12450
0.08445
0.08757
0.00960
0.00631
0.01532
0.00568
0.02530
0.00717
0.02323
0.00690
0.11199
0.00740
0.00709
0.00705
0.00802
0.00572
0.00931
0.01944
0.04560
0.00501
0.03001
0.20381
0.08254
0.10604
0.01535
0.01033
0.03202
0.00986
0.00706
0.83049
0.01309
0.01109
0.01390
0.01238
0.22884
0.00564
0.07534
0.02148
0.02375
0.07203
0.01781
0.08512
0.01581
0.02006
0.02384
0.04513
0.01861
0.02184
0.00809
0.00564
0.00609
0.00602
0.04243
0.00668
0.03578
0.01801
0.04186
0.07705
0.00634
0.00882
0.02008
0.03483
0.03469
0.00694
0.02021
0.08520
0.01788
0.00529
0.00739
0.01186
0.01625
0.01068
0.01578
0.00818
0.28046
0.26635
0.77729
0.61482
0.92840
0.46188
0.05157
0.36457
0.27777
0.11353
0.05886
0.51576
0.24525
0.06148
0.04374
0.07496
0.32308
0.84535
0.50634
0.18347
0.05053
0.34601
0.21157
0.91378
0.93557
0.10443
0.95257
0.37430
0.64073
0.35970
0.18865
0.10680
0.82486
0.46945
0.27486
0.16034
0.65572
0.09969
0.83634
0.29196
0.42455
0.22536
0.06750
0.06159
0.10180
0.14676
0.94090
0.29349
0.13064
0.06997
0.16389
0.16179
0.29893
0.21849
0.07081
0.19737
0.07592
0.05329
0.43134
0.44812
0.57662
0.12411
0.23012
0.46558
0.30151
0.63824
0.20231
0.65689
0.28315
0.03678
0.92813
0.18450
0.04041
0.12221
0.17180
0.21356
0.05847
0.52974
0.17280
0.45305
0.32275
0.46982
0.16921
0.36440
0.26926
0.09611
0.16881
0.09285
0.52466
0.04489
0.92560
0.15495
0.05325
0.06669
0.63510
0.32293
0.91020
0.21932
0.07121
0.38692
0.17528
0.09308
0.51446
0.67785
0.24331
0.17794
0.70310
0.13126
0.12764
0.46662
0.14422
0.56842
0.11149
0.53595
0.95325
0.12303
0.16609
0.70305
0.08322
0.14200
0.39304
0.09286
0.24399
0.29715
0.13934
0.78886
0.08044
0.11804
0.17923
0.07121
0.57033
0.36907
0.05152
0.15295
0.66358
0.43538
0.07128
0.05326
0.23488
0.17345
0.55911
0.43709
0.09965
0.21927
0.38682
0.71521
0.74138
0.93030
0.84438
0.05621
0.93180
0.03765
0.68726
0.18703
0.12433
0.83593
0.30197
0.05372
0.93938
0.25337
0.03450
0.06744
0.79166
0.68988
0.32517
0.27618
0.20638
0.50177
0.50912
0.06847
0.09500
0.59345
0.44280
0.52450
0.12741
0.78384
0.61283
0.66707
0.48331
0.20544
0.56176
0.21694
0.38729
0.05765
0.07656
0.92298
0.08087
0.08684
0.75292
0.04492
0.33436
0.58805
0.06750
0.08162
0.81590
0.68922
0.50432
0.60980
0.12905
0.71421
0.97912
0.20910
0.04501
0.42582
0.12985
0.09526
0.30264
0.19919
0.22217
0.58371
0.42891
0.67614
0.95881
0.05263
0.11067
0.87739
0.51941
0.47075
0.04527
0.14595
0.61621
0.05693
0.49143
0.31617
0.75036
0.06889
0.92478
0.11228
0.28647
0.59534
0.08442
0.03938
0.83992
0.55821
0.72618
0.08788
0.04346
0.11879
0.04728
0.26138
0.77555
0.07515
0.36485
0.23738
0.16156
0.06250
0.10384
0.08049
0.55706
0.78733
0.25688
0.07454
0.71326
0.04686
0.13070
0.08788
0.45661
0.24296
0.57483
0.11789
0.16288
0.09326
0.07795
0.94219
0.82238
0.06700
0.09401
0.11224
0.21345
0.23715
0.18186
0.15963
0.84405
0.83007
0.07512
0.39191
0.27201
0.16230
0.70428
0.77664
0.23882
0.36886
0.71779
0.17474
0.08718
0.14500
0.26443
0.08092
0.18102
0.15844
0.06952
0.97457
0.27036
0.05601
0.10135
0.05995
0.22859
0.77735
0.90722
0.14170
0.87610
0.17470
0.84744
0.14181
0.51266
0.29411
0.08654
0.04951
0.11013
0.64349
0.04187
0.83756
0.24583
0.09060
0.13505
0.47631
0.07899
0.63401
0.19528
0.84357
0.70039
0.11952
0.77501
0.83499
0.47291
0.14901
0.62044
0.69589
0.82365
0.64217
0.03855
0.14477
0.10752
0.26506
0.33128
0.14541
0.14923
0.67434
0.04198
0.31814
0.58579
0.09367
0.41403
0.05536
0.81182
0.04786
0.24003
0.66978
0.95722
0.60895
0.91603
0.24915
0.86977
0.04539
0.50481
0.83640
0.75587
0.34237
0.14978
0.20255
0.49850
0.95599
0.42808
0.06423
0.13764
0.66266
0.09340
0.36861
0.93643
0.32852
0.26559
0.49778
0.12336
0.21118
0.03613
0.14093
0.17699
0.21899
0.17484
0.77900
0.87764
0.57475
0.14516
0.47389
0.83497
0.73058
0.52657
0.06751
0.29543
0.21657
0.28360
0.13242
0.74487
0.04948
0.14018
0.59359
0.17901
0.95737
0.25491
0.11133
0.12590
0.94523
0.40380
0.06522
0.04952
0.09501
0.15073
0.61750
0.82876
0.05564
0.26230
0.37342
0.66748
0.25464
0.16313
0.61888
0.15023
0.12468
0.12060
0.24346
0.09136
0.05031
0.92468
0.23315
0.15840
0.28833
0.19323
0.14512
0.83598
0.86784
0.81374
0.24542
0.20216
0.49027
0.38570
0.05575
0.18505
0.05133
0.55195
0.04194
0.21899
0.62032
0.44619
0.09202
0.14442
0.14490
0.94339
0.07321
0.64398
0.82141
0.08136
0.71589
0.29708
0.07355
0.06820
0.60273
0.92378
0.08469
0.51276
0.11655
0.10368
0.13677
0.50296
0.15670
0.15733
0.05718
0.04935
0.84154
0.19892
0.76344
0.84302
0.24354
0.29044
0.30477
0.28450
0.65262
0.60888
0.48103
0.10365
0.25034
0.08039
0.16944
0.04337
0.76372
0.93988
0.05645
0.66385
0.10436
0.84377
0.86253
0.05635
0.06983
0.48323
0.31147
0.10095
0.07577
0.76246
0.65923
0.11278
0.56773
0.70742
0.18315
0.13565
0.07764
0.05204
0.11878
0.53581
0.61433
0.04063
0.95968
0.71008
0.10332
0.11637
0.17161
0.40853
0.41478
0.04538
0.13309
0.26874
0.38100
0.08811
0.47079
0.08593
0.49534
0.30854
0.11037
0.14211
0.87124
0.12229
0.24733
0.05322
0.32058
0.07334
0.36312
0.95969
0.40165
0.73905
0.05730
0.57384
0.14553
0.76412
0.22601
0.13539
0.20930
0.18888
0.34549
0.06597
0.07245
0.06350
0.06759
0.13519
0.12553
0.94008
0.49664
0.07454
0.10993
0.15045
0.46749
0.23398
0.69231
0.58050
0.08673
0.16408
0.07898
0.05869
0.12800
0.10110
0.04334
0.60472
0.04449
0.05613
0.95928
0.14326
0.08873
0.65928
0.09467
0.35653
0.06455
0.06599
0.30920
0.15383
0.15079
0.26862
0.17453
0.18118
0.10082
0.05206
0.42322
0.17326
0.10625
0.05668
0.12796
0.04397
0.10889
0.05839
0.12659
0.61255
0.84904
0.97728
0.13423
0.16148
0.82510
0.84289
0.08531
0.45474
0.11493
0.13751
0.05612
0.30114
0.63579
0.14371
0.05864
0.08974
0.10856
0.61620
0.29033
0.10585
0.10625
0.52252
0.65792
0.53741
0.13518
0.16986
0.34410
0.26431
0.53744
0.86875
0.25837
0.81812
0.05304
0.36405
0.11478
0.19519
0.15730
0.59379
0.29182
0.95292
0.94921
0.16499
0.14278
0.46461
0.60031
0.06981
0.55195
0.28167
0.30492
0.20809
0.31969
0.13444
0.37384
0.62946
0.03555
0.49935
0.32129
0.83466
0.09916
0.15414
0.05629
0.10204
0.04200
0.24968
0.04621
0.97719
0.10418
0.06535
0.04443
0.24930
0.75104
0.19881
0.80887
0.35463
0.60673
0.81628
0.16490
0.54791
0.22273
0.03313
0.06118
0.11923
0.12129
0.05485
0.32110
0.06871
0.88528
0.62082
0.88796
0.08143
0.13257
0.35318
0.04150
0.08238
0.87678
0.95131
0.44331
0.43948
0.81781
0.28296
0.66239
0.19596
0.56280
0.65280
0.85206
0.41002
0.39586
0.16846
0.92461
0.09895
0.34279
0.93116
0.06086
0.07317
0.08286
0.59075
0.66088
0.18878
0.64900
0.05305
0.95799
0.91816
0.53482
0.36052
0.06367
0.55330
0.97884
0.30237
0.62333
0.23407
0.07521
0.57359
0.11180
0.39563
0.15608
0.44347
0.09027
0.07504
0.31230
0.28116
0.09111
0.33037
0.50289
0.61452
0.49070
0.14437
0.79515
0.07546
0.05343
0.07721
0.91182
0.08322
0.28393
0.08167
0.32832
0.18165
0.11376
0.03428
0.67894
0.62228
0.67487
0.91906
0.18243
0.84534
0.09506
0.16333
0.14381
0.04855
0.14868
0.68217
0.19485
0.13365
0.24458
0.32434
0.11235
0.06458
0.64087
0.05603
0.15314
0.04460
0.75603
0.26515
0.10519
0.27571
0.08624
0.04260
0.07605
0.53270
0.71278
0.05152
0.32445
0.18348
0.24277
0.08679
0.31898
0.81866
0.27508
0.12243
0.49536
0.12592
0.62143
0.03957
0.21375
0.63469
0.68117
0.16279
0.63896
0.62902
0.10071
0.35973
0.08276
0.51610
0.43111
0.05689
0.14785
0.31692
0.29719
0.19545
0.28564
0.04541
0.24302
0.53317
0.16667
0.07598
0.24950
0.55425
0.06512
0.08271
0.55601
0.59297
0.59558
0.91388
0.17034
0.48112
0.49064
0.58413
0.45902
0.50470
0.10412
0.06075
0.53305
0.10565
0.08313
0.15810
0.03044
0.06638
0.00090
0.00116
0.02599
0.00372
0.02210
0.00495
0.00852
0.02611
0.00146
0.05300
0.01828
0.01269
0.00064
0.00145
0.00298
0.00081
0.00072
0.00096
0.07056
0.00081
0.00068
0.01655
0.00059
0.00088
0.07675
0.00064
0.01838
0.00911
0.00342
0.00963
0.01675
0.00619
0.00271
0.03495
0.00635
0.01622
0.00154
0.00255
0.00233
0.00088
0.00921
0.08095
0.00785
0.00384
0.00059
0.00075
0.00161
0.04422
0.00233
0.01635
0.00105
0.00144
0.03228
0.04581
0.00059
0.00059
0.00728
0.00183
0.00103
0.00757
0.00071
0.00757
0.05531
0.13758
0.00286
0.00237
0.00065
0.07056
0.00067
0.00062
0.00477
0.01074
0.03360
0.00734
0.03335
0.00059
0.08215
0.06551
0.00124
0.00059
0.00090
0.00600
0.00941
0.00517
0.00146
0.00356
0.00104
0.00405
0.00701
0.00068
0.00347
0.03875
0.04986
0.00082
0.00527
0.00112
0.00229
0.09843
0.00907
0.00084
0.00077
0.00094
0.00074
0.00422
0.00060
0.00664
0.00631
0.00253
0.01300
0.00117
0.00268
0.03485
0.00075
0.00073
0.00070
0.00067
0.01230
0.00060
0.00112
0.00737
0.00382
0.00066
0.00106
0.01101
0.00630
0.00061
0.01129
0.00539
0.00402
0.06410
0.00124
0.00763
0.00238
0.01374
0.00065
0.09896
0.00090
0.00702
0.00119
0.00167
0.00126
0.00116
0.00120
0.00169
0.00060
0.05258
0.07108
0.00061
0.00059
0.00059
0.00068
0.12754
0.04833
0.00527
0.01738
0.03534
0.02053
0.00066
0.00060
0.00457
0.00095
0.00065
0.00207
0.00219
0.00113
0.06511
0.00060
0.00060
0.01870
0.01997
0.00179
0.00260
0.00146
0.09233
0.04787
0.00158
0.02081
0.00446
0.00275
0.00296
0.00059
0.00074
0.00093
0.00156
0.00109
0.00104
0.00059
0.00447
0.00559
0.00069
0.00120
0.00124
0.00105
0.01528
0.00080
0.00412
0.02604
0.00723
0.00205
0.00062
0.00092
0.00104
0.00059
0.00177
0.00273
0.00059
0.01456
0.00120
0.00065
0.00101
0.00065
0.00396
0.00059
0.00106
0.04128
0.00195
0.03304
0.00072
0.00154
0.00069
0.00144
0.00127
0.00206
0.02537
0.00426
0.00161
0.00262
0.05399
0.05656
0.00078
0.00112
0.00368
0.00371
0.00276
0.00197
0.01066
0.00059
0.00060
0.03415
0.05371
0.00074
0.01731
0.03051
0.00637
0.00078
0.00483
0.01646
0.00084
0.02406
0.00202
0.00095
0.00059
0.00227
0.00059
0.00143
0.00378
0.09722
0.00118
0.03578
0.01762
0.03400
0.15678
0.00173
0.00112
0.03288
0.00166
0.02800
0.00080
0.07318
0.00147
0.00176
0.07189
0.02593
0.00099
0.00062
0.00350
0.00060
0.00071
0.00059
0.00109
0.00357
0.00239
0.00120
0.04209
0.00059
0.00216
0.00059
0.00069
0.01338
0.00194
0.00662
0.00137
0.00098
0.00709
0.02806
0.00564
0.00525
0.00076
0.00538
0.02102
0.00453
0.00075
0.08502
0.00108
0.00104
0.00665
0.00059
0.03839
0.00528
0.00059
0.00301
0.00063
0.09143
0.00097
0.05841
0.02550
0.00165
0.00088
0.00091
0.00375
0.02693
0.00169
0.00181
0.05014
0.02990
0.00069
0.00067
0.04687
0.00282
0.02014
0.00059
0.03061
0.01402
0.00390
0.00202
0.00102
0.00102
0.01490
0.00280
0.00832
0.00201
0.01226
0.08007
0.00692
0.00193
0.02789
0.00170
0.05283
0.00062
0.02396
0.00109
0.00739
0.04220
0.00067
0.00187
0.00340
0.06464
0.02331
0.00138
0.00089
0.00273
0.00106
0.00145
0.00059
0.02214
0.00100
0.00216
0.00061
0.01175
0.00374
0.00382
0.02390
0.03372
0.05729
0.00144
0.00160
0.00072
0.00144
0.00059
0.01805
0.00129
0.00242
0.06773
0.00739
0.00061
0.00102
0.00240
0.00272
0.00312
0.00366
0.00504
0.00706
0.00060
0.01136
0.00210
0.00102
0.09243
0.00804
0.00800
0.04466
0.02375
0.01909
0.00220
0.00601
0.00061
0.00084
0.00283
0.03304
0.00510
0.00066
0.03855
0.00186
0.00267
0.00060
0.00059
0.00152
0.03119
0.00094
0.07533
0.10355
0.00059
0.00582
0.01598
0.00245
0.02287
0.00498
0.02116
0.00266
0.09047
0.00203
0.00061
0.01149
0.02291
0.00983
0.00549
0.00069
0.00085
0.03645
0.00092
0.00102
0.00276
0.01545
0.00113
0.00669
0.00150
0.00085
0.02414
0.00155
0.00061
0.00398
0.02322
0.01914
0.00333
0.00061
0.01641
0.01383
0.03890
0.00070
0.01162
0.05060
0.00081
0.01844
0.00063
0.00062
0.00090
0.00083
0.00744
0.00206
0.00662
0.00913
0.01170
0.00062
0.00353
0.00076
0.04958
0.03426
0.03445
0.00508
0.00329
0.02830
0.03834
0.00294
0.00067
0.02937
0.05509
0.00995
0.00121
0.00140
0.00197
0.00274
0.00072
0.04571
0.01048
0.00059
0.03326
0.00078
0.00078
0.00475
0.06729
0.02634
0.00994
0.00656
0.00148
0.00134
0.00141
0.02342
0.00978
0.03851
0.00061
0.00274
0.00151
0.06971
0.00059
0.03694
0.00060
0.09216
0.00064
0.00247
0.00144
0.07617
0.00099
0.00145
0.00148
0.00359
0.00061
0.00916
0.01734
0.00069
0.00095
0.00095
0.04215
0.00062
0.00826
0.00305
0.00153
0.00948
0.00256
0.01197
0.00109
0.00078
0.00075
0.01352
0.00079
0.01046
0.00701
0.00084
0.00059
0.00067
0.01217
0.03916
0.00232
0.00126
0.02307
0.01325
0.00243
0.02115
0.00062
0.00075
0.00132
0.00385
0.00068
0.00279
0.00480
0.00278
0.00817
0.03700
0.10052
0.00074
0.05124
0.00732
0.00846
0.00728
0.00560
0.00305
0.00503
0.06142
0.00060
0.00244
0.00060
0.00418
0.01005
0.03851
0.00072
0.00059
0.00063
0.00592
0.00280
0.01194
0.00137
0.00082
0.00068
0.01324
0.09881
0.00221
0.00419
0.00888
0.00417
0.00178
0.00295
0.00068
0.01023
0.05434
0.06812
0.01048
0.00064
0.05339
0.00059
0.01228
0.00063
0.00130
0.04247
0.00151
0.07949
0.00067
0.00943
0.00950
0.01810
0.01268
0.00061
0.05165
0.00122
0.00070
0.00065
0.00059
0.00339
0.00066
0.00174
0.01523
0.00100
0.00076
0.00063
0.00070
0.02794
0.00673
0.00113
0.00196
0.00118
0.00158
0.00152
0.00081
0.00059
0.08980
0.00285
0.00070
0.00075
0.00124
0.00812
0.00645
0.00577
0.02251
0.00080
0.00155
0.00060
0.00108
0.00426
0.00150
0.00098
0.00060
0.01639
0.01215
0.01026
0.00231
0.00371
0.00232
0.00162
0.00114
0.00161
0.00138
0.00872
0.00059
0.00099
0.00060
0.00075
0.00640
0.00155
0.00305
0.00063
0.05510
0.02791
0.00303
0.00495
0.01644
0.00071
0.00111
0.02453
0.00805
0.02478
0.00414
0.00465
0.00868
0.01626
0.00336
0.00065
0.00072
0.00183
0.00090
0.00079
0.00212
0.00123
0.00235
0.00061
0.00653
0.00438
0.02808
0.00064
0.00074
0.00066
0.00059
0.03467
0.00398
0.00372
0.00710
0.00065
0.00233
0.00063
0.00335
0.00892
0.00089
0.03236
0.00096
0.00064
0.00071
0.02775
0.00069
0.00115
0.07595
0.00946
0.02374
0.00578
0.01828
0.01389
0.00083
0.11321
0.00111
0.00059
0.00059
0.00130
0.00281
0.00068
0.00130
0.08719
0.00112
0.00860
0.01819
0.03096
0.00192
0.00266
0.01916
0.00435
0.00059
0.16104
0.00062
0.01285
0.00072
0.00560
0.00279
0.00479
0.00081
0.00807
0.00104
0.04153
0.03251
0.00457
0.00541
0.00106
0.00061
0.00106
0.00083
0.00116
0.00833
0.00351
0.05097
0.00102
0.00060
0.00536
0.00062
0.00063
0.00276
0.03468
0.00547
0.00446
0.01364
0.07097
0.00066
0.03391
0.07670
0.00062
0.00465
0.00155
0.00087
0.00309
0.00683
0.00127
0.01974
0.00059
0.00677
0.07334
0.00223
0.05175
0.02011
0.00059
0.00240
0.01206
0.01521
0.00059
0.00073
0.05660
0.00109
0.01041
0.01514
0.02755
0.00059
0.00076
0.00116
0.01749
0.00064
0.00192
0.01366
0.00079
0.08507
0.00282
0.00534
0.00070
0.00059
0.00770
0.01436
0.00116
0.00059
0.04584
0.00188
0.00315
0.07443
0.00417
0.00917
0.00096
0.00066
0.00325
0.00396
0.00129
0.00247
0.00088
0.02479
0.01851
0.00091
0.01007
0.00386
0.02901
0.00383
0.02036
0.00105
0.00100
0.00060
0.00188
0.00067
0.05882
0.02372
0.00325
0.00059
0.02556
0.00611
0.00088
0.00101
0.00558
0.00081
0.00070
0.00100
0.04557
0.00111
0.00108
0.00059
0.00060
0.00064
0.00093
0.00999
0.00108
0.00059
0.00123
0.00071
0.00182
0.00063
0.00062
0.00801
0.00077
0.00067
0.01522
0.00177
0.01337
0.00138
0.00063
0.00587
0.00390
0.00247
0.00215
0.01844
0.00061
0.00129
0.00062
0.00366
0.00115
0.00106
0.00165
0.02123
0.00164
0.01648
0.00431
0.00146
0.00572
0.02744
0.13475
0.00239
0.00066
0.00226
0.00086
0.00150
0.00116
0.00278
0.07254
0.01655
0.00083
0.00585
0.01012
0.00156
0.02212
0.00919
0.00064
0.06932
0.00070
0.03814
0.00230
0.12321
0.00063
0.00228
0.00097
0.00192
0.00089
0.00097
0.02607
0.00467
0.00090
0.00059
0.09662
0.01174
0.00063
0.00955
0.01150
0.00773
0.00244
0.00151
0.00179
0.00691
0.02938
0.00122
0.02244
0.07006
0.00587
0.00153
0.00098
0.00457
0.00188
0.00145
0.02350
0.05607
0.00071
0.00138
0.00271
0.02129
0.00285
0.00072
0.00103
0.00076
0.00108
0.01437
0.00162
0.01780
0.00070
0.00492
0.00097
0.00169
0.00123
0.00067
0.00094
0.00079
0.00065
0.00096
0.00140
0.00343
0.00212
0.00077
0.04978
0.00494
0.07326
0.00102
0.00060
0.01162
0.03318
0.01593
0.00059
0.00089
0.01446
0.00072
0.00227
0.00194
0.00439
0.00111
0.00106
0.00093
0.00282
0.00069
0.00144
0.02080
0.00059
0.00106
0.00060
0.04366
0.00060
0.02764
0.00089
0.00472
0.00315
0.01782
0.01056
0.00114
0.00268
0.00628
0.00081
0.00094
0.00632
0.00121
0.00641
0.00064
0.00837
0.00078
0.00059
0.09135
0.00064
0.00065
0.03841
0.02492
0.00246
0.00185
0.00066
0.00064
0.02345
0.00479
0.00060
0.00558
0.06204
0.02806
0.00529
0.00285
0.02626
0.00329
0.01335
0.01816
0.00096
0.00682
0.00367
0.08114
0.00082
0.00391
0.01090
0.00232
0.10227
0.07626
0.00060
0.00076
0.00227
0.05772
0.10720
0.00065
0.00059
0.00146
0.00229
0.00220
0.01549
0.00081
0.00538
0.10878
0.00060
0.00090
0.03709
0.00691
0.00375
0.00780
0.02209
0.00059
0.01269
0.00161
0.00062
0.04658
0.00801
0.01003
0.00539
0.01755
0.00873
0.00059
0.02483
0.01103
0.00075
0.00151
0.00059
0.02071
0.00121
0.01614
0.05129
0.03537
0.09326
0.01138
0.00262
0.00398
0.00081
0.00083
0.00059
0.00504
0.00253
0.00063
0.00064
0.00063
0.06126
0.00116
0.00086
0.02732
0.00077
0.10229
0.00061
0.00175
0.00063
0.00607
0.00100
0.00594
0.00074
0.00085
0.00079
0.04906
0.00579
0.00223
0.00151
0.00115
0.00449
0.00565
0.00064
0.00594
0.00060
0.00352
0.00374
0.00060
0.01216
0.00687
0.00060
0.00985
0.00289
0.00119
0.00147
0.00841
0.00248
0.00579
0.00074
0.00816
0.00074
0.06300
0.00512
0.00149
0.00073
0.00088
0.00061
0.03970
0.01050
0.00510
0.00059
0.00239
0.00143
0.00466
0.03014
0.00175
0.00122
0.00118
0.13386
0.00117
0.03683
0.00838
0.00069
0.00261
0.00101
0.00060
0.01603
0.00060
0.09397
0.00176
0.00069
0.00087
0.00221
0.00415
0.00685
0.00143
0.06076
0.00063
0.00074
0.00070
0.00101
0.00832
0.00199
0.00086
0.00060
0.00303
0.00756
0.00131
0.10492
0.00060
0.00108
0.11345
0.03873
0.00539
0.00063
0.00061
0.00897
0.01744
0.03470
0.00127
0.00113
0.00154
0.00076
0.01728
0.01297
0.03398
0.00300
0.00856
0.00587
0.00106
0.02350
0.00062
0.01441
0.00084
0.00060
0.00163
0.06866
0.03972
0.00060
0.00279
0.00443
0.00063
0.02789
0.00989
0.00311
0.00157
0.00428
0.00104
0.01231
0.13336
0.04723
0.01721
0.00064
0.00059
0.00094
0.00106
0.00059
0.00072
0.06995
0.00077
0.00104
0.01209
0.00059
0.00363
0.00572
0.01517
0.04303
0.07761
0.00059
0.00101
0.00096
0.04132
0.11054
0.10790
0.00060
0.00063
0.00059
0.00061
0.00190
0.00980
0.00128
0.00349
0.04007
0.00133
0.00816
0.00683
0.00105
0.00082
0.00063
0.07238
0.00765
0.00059
0.00059
0.00086
0.00360
0.00104
0.00059
0.00243
0.00566
0.00059
0.00059
0.00314
0.00060
0.00209
0.00125
0.00619
0.00097
0.00124
0.00059
0.00088
0.04957
0.00060
0.00992
0.05388
0.00059
0.03035
0.00064
0.00119
0.00210
0.00063
0.01140
0.00106
0.00491
0.00065
0.02867
0.02243
0.00246
0.00093
0.00059
0.00268
0.01753
0.00269
0.00237
0.01607
0.01180
0.00136
0.00109
0.02692
0.00059
0.00059
0.01416
0.00526
0.00370
0.00086
0.00087
0.05376
0.00094
0.00085
0.00073
0.02566
0.00062
0.02206
0.00694
0.06122
0.04979
0.00234
0.00485
0.00059
0.00070
0.00129
0.01471
0.01942
0.00067
0.01707
0.00177
0.00061
0.01825
0.00060
0.02261
0.07625
0.08527
0.00131
0.00064
0.01244
0.00114
0.00067
0.11555
0.00076
0.00467
0.00140
0.00059
0.00079
0.00059
0.00081
0.01798
0.00101
0.00089
0.00059
0.04031
0.00165
0.02979
0.00088
0.00157
0.00154
0.00113
0.02826
0.03322
0.00120
0.00059
0.00182
0.00923
0.00077
0.00098
0.00075
0.03556
0.00112
0.00076
0.00624
0.00059
0.00177
0.00183
0.05522
0.00180
0.00346
0.00391
0.00072
0.02685
0.00060
0.00193
0.00066
0.00060
0.06553
0.04003
0.03285
0.00138
0.00383
0.00084
0.00143
0.00066
0.00316
0.00062
0.00943
0.00066
0.00227
0.00490
0.00145
0.00068
0.03874
0.00063
0.00088
0.02049
0.00068
0.02075
0.00500
0.00085
0.03394
0.04674
0.00059
0.00085
0.00078
0.00313
0.00083
0.02587
0.00211
0.04204
0.01363
0.01021
0.00926
0.00254
0.01024
0.00218
0.00379
0.00066
0.00074
0.00212
0.01345
0.00455
0.00165
0.00059
0.00343
0.06921
0.01285
0.00073
0.00072
0.00816
0.00061
0.00096
0.00060
0.00156
0.00190
0.00064
0.00150
0.00092
0.00069
0.00580
0.00060
0.00512
0.00113
0.00468
0.00319
0.00108
0.00404
0.00699
0.00382
0.00062
0.00060
0.01878
0.02162
0.01601
0.00176
0.00166
0.00280
0.00459
0.00065
0.00572
0.00062
0.06246
0.00137
0.00146
0.00122
0.03449
0.00163
0.03710
0.00904
0.00440
0.00405
0.00230
0.00061
0.07916
0.01668
0.00076
0.00139
0.00096
0.00075
0.05191
0.03666
0.02532
0.00115
0.00072
0.00134
0.00530
0.00112
0.00065
0.00320
0.00113
0.00085
0.02743
0.00067
0.00815
0.00338
0.00082
0.00083
0.02083
0.00060
0.00148
0.00082
0.00780
0.00060
0.00344
0.05266
0.00451
0.00063
0.00371
0.00063
0.00067
0.00062
0.03093
0.00088
0.00852
0.00075
0.00119
0.00398
0.00060
0.01680
0.00073
0.00648
0.01382
0.03224
0.00072
0.00556
0.00059
0.01956
0.00481
0.00342
0.00860
0.00112
0.00921
0.00062
0.00110
0.00263
0.00172
0.00070
0.00059
0.05362
0.00062
0.00276
0.05979
0.00732
0.00393
0.00066
0.00213
0.00061
0.00060
0.00064
0.05379
0.00077
0.01132
0.00083
0.00059
0.00524
0.00062
0.00738
0.00552
0.00206
0.00142
0.00104
0.00351
0.03421
0.00120
0.00067
0.02519
0.00088
0.00497
0.00846
0.00416
0.00202
0.00060
0.00258
0.00079
0.00277
0.01624
0.00090
0.00063
0.00097
0.00121
0.03545
0.00553
0.00094
0.00092
0.05511
0.00770
0.01469
0.00083
0.00066
0.10010
0.05327
0.00059
0.00895
0.01041
0.00060
0.02920
0.00325
0.00074
0.00135
0.00782
0.00059
0.00077
0.00069
0.00282
0.00091
0.00066
0.03125
0.00092
0.00196
0.01558
0.00154
0.06881
0.00083
0.00834
0.00083
0.00060
0.00059
0.00060
0.00124
0.00083
0.00061
0.00683
0.00072
0.00524
0.00102
0.00158
0.01864
0.00061
0.01109
0.00155
0.00076
0.01240
0.00267
0.08257
0.00061
0.00097
0.00059
0.00092
0.00070
0.00300
0.00212
0.00407
0.03361
0.04092
0.00363
0.00505
0.00334
0.00439
0.00262
0.01245
0.00090
0.00126
0.05677
0.02773
0.00749
0.00160
0.01499
0.00460
0.00307
0.01959
0.00060
0.00070
0.00118
0.00567
0.00059
0.00177
0.00143
0.00134
0.04845
0.00062
0.01356
0.01165
0.00117
0.02008
0.00060
0.00099
0.00711
0.02148
0.00371
0.00220
0.00219
0.01022
0.00336
0.00090
0.00076
0.00122
0.00063
0.00063
0.00063
0.00089
0.00062
0.01182
0.00191
0.00089
0.00551
0.00858
0.00061
0.00059
0.00154
0.00099
0.00098
0.00060
0.00113
0.00059
0.00097
0.00137
0.00110
0.00105
0.00335
0.00191
0.02087
0.07523
0.00096
0.00596
0.00214
0.01920
0.00954
0.00185
0.00060
0.02178
0.00250
0.00059
0.03022
0.01879
0.02081
0.00511
0.00059
0.00059
0.03813
0.06946
0.00060
0.00238
0.05481
0.01370
0.02980
0.00996
0.00103
0.00188
0.00179
0.00077
0.00078
0.00157
0.02230
0.01418
0.00090
0.02216
0.00722
0.00180
