0.02543487772345543
0.20624130964279175
0.09242112189531326
0.02543487772345543
0.06240690127015114
0.02543487772345543
0.14583179354667664
0.043258264660835266
0.02543487772345543
0.2509635090827942
0.09811326116323471
0.05129316821694374
0.02543487772345543
0.05243591591715813
0.09523628652095795
0.20763806998729706
0.3328903913497925
0.02543487772345543
0.11860423535108566
0.02543487772345543
0.03014286607503891
0.02543487772345543
0.02543487772345543
0.02543487772345543
0.09159176051616669
0.02543487772345543
0.02543487772345543
0.1761758029460907
0.12643350660800934
0.03943318873643875
0.21086135506629944
0.02543487772345543
0.02543487772345543
0.09352942556142807
0.02543487772345543
0.02543487772345543
0.2373928278684616
0.03296620398759842
0.02543487772345543
0.1514906883239746
0.02543487772345543
0.056343451142311096
0.02543487772345543
0.02543487772345543
0.02543487772345543
0.02543487772345543
0.26738959550857544
0.04797813668847084
0.02543487772345543
0.04811440408229828
0.02543487772345543
0.02543487772345543
0.02543487772345543
0.13942356407642365
0.1637694388628006
0.02543487772345543
0.043220337480306625
0.10721796005964279
0.1466212123632431
0.1927361637353897
0.02543487772345543
0.02543487772345543
0.12288197875022888
0.2616918087005615
0.09133007377386093
0.05173282325267792
0.03296620398759842
0.05161568894982338
0.03296620398759842
0.06273944675922394
0.02543487772345543
0.3417458236217499
0.15390223264694214
0.02543487772345543
0.02543487772345543
0.059375468641519547
0.10678456723690033
0.02543487772345543
0.06830939650535583
0.1044834777712822
0.05529084801673889
0.11498171836137772
0.06872937083244324
0.03296620398759842
0.08128884434700012
0.02543487772345543
0.1701803356409073
0.0394221730530262
0.048642709851264954
0.06957493722438812
0.03931432589888573
0.02543487772345543
0.03021053411066532
0.02543487772345543
0.3521858751773834
0.13441479206085205
0.05622697249054909
0.02543487772345543
0.09729932993650436
0.21102607250213623
0.03981942683458328
0.02543487772345543
0.18459178507328033
0.043270234018564224
0.02543487772345543
0.02543487772345543
0.02543487772345543
0.03931432589888573
0.02543487772345543
0.056236766278743744
0.03621012717485428
0.02543487772345543
0.02543487772345543
0.03640563413500786
0.3349910080432892
0.02543487772345543
0.02543487772345543
0.13842973113059998
0.07977623492479324
0.02543487772345543
0.04728006199002266
0.05930003896355629
0.12998336553573608
0.14630906283855438
0.08106864988803864
0.02543487772345543
0.04835636168718338
0.03949253633618355
0.02543487772345543
0.02543487772345543
0.059412408620119095
0.06608162820339203
0.02543487772345543
0.02543487772345543
0.040021784603595734
0.03296620398759842
0.10014860332012177
0.03621012717485428
0.1986844688653946
0.02543487772345543
0.21952323615550995
0.31255125999450684
0.03296620398759842
0.03296620398759842
0.336079865694046
0.0575573705136776
0.329124391078949
0.02543487772345543
0.17151005566120148
0.02543487772345543
0.1323852241039276
0.06405740231275558
0.02543487772345543
0.03993694856762886
0.06315305083990097
0.06274965405464172
0.09778910130262375
0.06308601051568985
0.32918643951416016
0.02543487772345543
0.04857373610138893
0.05552205070853233
0.02543487772345543
0.03945328667759895
0.02543487772345543
0.12155196070671082
0.02543487772345543
0.09425866603851318
0.16642864048480988
0.11948112398386002
0.02543487772345543
0.2404535561800003
0.04428044706583023
0.02543487772345543
0.07692280411720276
0.2620180547237396
0.02543487772345543
0.04776029288768768
0.11428651213645935
0.09068799763917923
0.02543487772345543
0.02543487772345543
0.07287059724330902
0.02543487772345543
0.18594767153263092
0.34009742736816406
0.02543487772345543
0.02543487772345543
0.07036801427602768
0.02543487772345543
0.03014286607503891
0.02543487772345543
0.2247903198003769
0.02543487772345543
0.04841846600174904
0.02543487772345543
0.02543487772345543
0.19081197679042816
0.02543487772345543
0.0915331244468689
0.02543487772345543
0.18459178507328033
0.24879148602485657
0.08093885332345963
0.07574064284563065
0.02543487772345543
0.03296620398759842
0.03296620398759842
0.02543487772345543
0.02543487772345543
0.04385588318109512
0.03296620398759842
0.04570339620113373
0.043246228247880936
0.05815616622567177
0.02543487772345543
0.02543487772345543
0.08663995563983917
0.2597292363643646
0.07161524146795273
0.048000968992710114
0.09059437364339828
0.02543487772345543
0.02543487772345543
0.03621012717485428
0.02543487772345543
0.02543487772345543
0.052576467394828796
0.02543487772345543
0.02543487772345543
0.20769056677818298
0.03958548232913017
0.02543487772345543
0.043293338268995285
0.12360965460538864
0.02543487772345543
0.12886272370815277
0.03296620398759842
0.02543487772345543
0.0609777458012104
0.05815616622567177
0.10581928491592407
0.029949301853775978
0.02543487772345543
0.03296620398759842
0.040019191801548004
0.11783744394779205
0.02543487772345543
0.03296620398759842
0.03296620398759842
0.02543487772345543
0.02543487772345543
0.05156334489583969
0.06484318524599075
0.04326190426945686
0.08027283102273941
0.15498852729797363
0.04428044706583023
0.02543487772345543
0.07036801427602768
0.06941638141870499
0.02543487772345543
0.02543487772345543
0.02543487772345543
0.02543487772345543
0.17689378559589386
0.3297152519226074
0.07878170162439346
0.2599782943725586
0.02543487772345543
0.0433029867708683
0.02543487772345543
0.03675200045108795
0.02543487772345543
0.02543487772345543
0.04818388819694519
0.048710014671087265
0.02543487772345543
0.04754244536161423
0.02543487772345543
0.02543487772345543
0.09148278087377548
0.09538307785987854
0.02543487772345543
0.02543487772345543
0.03021053411066532
0.02543487772345543
0.02543487772345543
0.05622697249054909
0.03660763055086136
0.05167277529835701
0.33305004239082336
0.1799500584602356
0.02543487772345543
0.02543487772345543
0.34062907099723816
0.04326190426945686
0.02543487772345543
0.02543487772345543
0.03645959496498108
0.029949301853775978
0.03949253633618355
0.1293030083179474
0.02543487772345543
0.02543487772345543
0.02543487772345543
0.02543487772345543
0.02543487772345543
0.16945761442184448
0.08020316809415817
0.02543487772345543
0.02543487772345543
0.15755194425582886
0.02543487772345543
0.2363705188035965
0.02543487772345543
0.02543487772345543
0.07717948406934738
0.03021053411066532
0.02543487772345543
0.17301185429096222
0.07577318698167801
0.02543487772345543
0.02543487772345543
0.02543487772345543
0.10613199323415756
0.03296620398759842
0.02543487772345543
0.02543487772345543
0.02543487772345543
0.24809280037879944
0.07161524146795273
0.06005634739995003
0.16660644114017487
0.02543487772345543
0.08663995563983917
0.02543487772345543
0.02543487772345543
0.05726213753223419
0.02543487772345543
0.02543487772345543
0.0453648641705513
0.05654411390423775
0.061829499900341034
0.02543487772345543
0.02543487772345543
0.09217739850282669
0.02543487772345543
0.04844918102025986
0.11783744394779205
0.3374154269695282
0.13301484286785126
0.3488527536392212
0.05937650427222252
0.02543487772345543
0.33460453152656555
0.03027987666428089
0.1051124855875969
0.02543487772345543
0.02543487772345543
0.26159968972206116
0.2886042892932892
0.02543487772345543
0.08663995563983917
0.03986417502164841
0.07435539364814758
0.05875019729137421
0.02543487772345543
0.06266039609909058
0.02543487772345543
0.24477455019950867
0.0402185283601284
0.04728006199002266
0.06388039141893387
0.04322272539138794
0.02543487772345543
0.02543487772345543
0.06234215572476387
0.11783744394779205
0.06293979287147522
0.02543487772345543
0.04324891045689583
0.07628609240055084
0.043270234018564224
0.03949253633618355
0.3408147990703583
0.03021053411066532
0.04323911666870117
0.02543487772345543
0.02543487772345543
0.09651593863964081
0.02543487772345543
0.02543487772345543
0.10614386200904846
0.11562524735927582
0.03021053411066532
0.03931432589888573
0.23661097884178162
0.02543487772345543
0.02543487772345543
0.02543487772345543
0.044777557253837585
0.03640563413500786
0.03296620398759842
0.03296620398759842
0.02543487772345543
0.06443241238594055
0.1217227354645729
0.03621012717485428
0.02543487772345543
0.04752228036522865
0.05902764946222305
0.05529084801673889
0.02543487772345543
0.02543487772345543
0.15117250382900238
0.02543487772345543
0.02543487772345543
0.09113655239343643
0.16100062429904938
0.02543487772345543
0.26347070932388306
0.02543487772345543
0.21086500585079193
0.02543487772345543
0.34170395135879517
0.11139937490224838
0.02543487772345543
0.03660763055086136
0.02543487772345543
0.12827017903327942
0.08690780401229858
0.10581928491592407
0.3196306526660919
0.12096066027879715
0.0727044939994812
0.05622697249054909
0.02543487772345543
0.3391133248806
0.17973460257053375
0.02543487772345543
0.05588502436876297
0.05685928836464882
0.02543487772345543
0.1900823414325714
0.02543487772345543
0.02543487772345543
0.26364606618881226
0.05731279030442238
0.02543487772345543
0.25135037302970886
0.02543487772345543
0.1634014993906021
0.13745826482772827
0.3315450847148895
0.08362504839897156
0.0847097635269165
0.12681789696216583
0.02543487772345543
0.04325968399643898
0.09030242264270782
0.11412481963634491
0.02543487772345543
0.04802808165550232
0.03021053411066532
0.02543487772345543
0.2311847060918808
0.059375468641519547
0.09484346956014633
0.039555929601192474
0.02543487772345543
0.02543487772345543
0.04831504076719284
0.1091543659567833
0.08875573426485062
0.3438434898853302
0.02543487772345543
0.02543487772345543
0.02543487772345543
0.02543487772345543
0.12019424140453339
0.06485138088464737
0.03296620398759842
0.02543487772345543
0.02543487772345543
0.33061841130256653
0.2449280172586441
0.02543487772345543
0.02543487772345543
0.04736733436584473
0.03027987666428089
0.06866945326328278
0.02543487772345543
0.02543487772345543
0.0770375058054924
0.06405626982450485
0.02543487772345543
0.05626906082034111
0.02543487772345543
0.02543487772345543
0.03296620398759842
0.030076805502176285
0.029949301853775978
0.05811208114027977
0.26294976472854614
0.06530477106571198
0.02543487772345543
0.05149611830711365
0.03958548232913017
0.02543487772345543
0.04325968399643898
0.03021053411066532
0.02543487772345543
0.02543487772345543
0.02543487772345543
0.03942667320370674
0.2651333808898926
0.33484014868736267
0.02543487772345543
0.02543487772345543
0.07407909631729126
0.24537280201911926
0.02543487772345543
0.3240223824977875
0.02543487772345543
0.1931726634502411
0.02543487772345543
0.03660763055086136
0.3342292308807373
0.02543487772345543
0.333018958568573
0.03931432589888573
0.07770272344350815
0.02543487772345543
0.02543487772345543
0.32543304562568665
0.04577507823705673
0.03014286607503891
0.03928859904408455
0.02543487772345543
0.043253086507320404
0.24021193385124207
0.08663995563983917
0.09210486710071564
0.02543487772345543
0.03296620398759842
0.11123380810022354
0.02543487772345543
0.2486318200826645
0.02543487772345543
0.04321910813450813
0.03296620398759842
0.0637754276394844
0.1886029839515686
0.02543487772345543
0.08126838505268097
0.06308601051568985
0.25873303413391113
0.02543487772345543
0.3466266393661499
0.02543487772345543
0.19995065033435822
0.06316068023443222
0.07608199864625931
0.26420170068740845
0.1162673830986023
0.02543487772345543
0.09352942556142807
0.02543487772345543
0.02543487772345543
0.03296620398759842
0.02543487772345543
0.13463658094406128
0.02543487772345543
0.02543487772345543
0.02543487772345543
0.02543487772345543
0.06376849114894867
0.02543487772345543
0.265647292137146
0.21994967758655548
0.02543487772345543
0.07773283123970032
0.02543487772345543
0.13441479206085205
0.02543487772345543
0.10203281790018082
0.05875019729137421
0.18271823227405548
0.3175060451030731
0.03296620398759842
0.22978954017162323
0.08891315013170242
0.17142197489738464
0.05815616622567177
0.04754244536161423
0.02543487772345543
0.02543487772345543
0.136629119515419
0.0565774105489254
0.02543487772345543
0.02543487772345543
0.1263217329978943
0.02543487772345543
0.02543487772345543
0.03021053411066532
0.02543487772345543
0.02543487772345543
0.02543487772345543
0.02543487772345543
0.2647540867328644
0.33724305033683777
0.1162489801645279
0.07019834965467453
0.02543487772345543
0.06814230978488922
0.02543487772345543
0.07878308743238449
0.0770375058054924
0.02543487772345543
0.02543487772345543
0.05875019729137421
0.09453713148832321
0.3344232439994812
0.03296620398759842
0.03958548232913017
0.09352942556142807
0.12939174473285675
0.23876361548900604
0.02543487772345543
0.07611113041639328
0.07676982134580612
0.23842860758304596
0.02543487772345543
0.3430527150630951
0.02543487772345543
0.02543487772345543
0.02543487772345543
0.12324565649032593
0.03296620398759842
0.03940219059586525
0.22138231992721558
0.02543487772345543
0.22116467356681824
0.05711286514997482
0.1090318039059639
0.02543487772345543
0.24271482229232788
0.02543487772345543
0.07036801427602768
0.16908393800258636
0.02543487772345543
0.0584450401365757
0.02543487772345543
0.05529084801673889
0.26276472210884094
0.03296620398759842
0.047397058457136154
0.05156334489583969
0.09352942556142807
0.02543487772345543
0.2375643402338028
0.02543487772345543
0.11871501058340073
0.09352942556142807
0.07490076124668121
0.17508716881275177
0.030076805502176285
0.03014286607503891
0.05643393471837044
0.13375158607959747
0.02543487772345543
0.02543487772345543
0.11730322241783142
0.02543487772345543
0.05745254084467888
0.07036801427602768
0.11783744394779205
0.11139937490224838
0.02543487772345543
0.0398082360625267
0.02543487772345543
0.02543487772345543
0.03949253633618355
0.02543487772345543
0.02543487772345543
0.05945858731865883
0.02543487772345543
0.0514565035700798
0.11660543084144592
0.02543487772345543
0.02543487772345543
0.2242642045021057
0.2305174618959427
0.10534556955099106
0.25593167543411255
0.1665811389684677
0.06494347751140594
0.05272781848907471
0.06133080646395683
0.04326190426945686
0.02543487772345543
0.02543487772345543
0.02543487772345543
0.02543487772345543
0.10815791040658951
0.03296620398759842
0.3458145260810852
0.22995510697364807
0.15326561033725739
0.02543487772345543
0.04754244536161423
0.061020057648420334
0.09999512881040573
0.2613091468811035
0.07613047957420349
0.03014286607503891
0.02543487772345543
0.03296620398759842
0.04472384601831436
0.02543487772345543
0.05167277529835701
0.02543487772345543
0.02543487772345543
0.09204935282468796
0.07036801427602768
0.02543487772345543
0.10365030169487
0.1548960655927658
0.02543487772345543
0.03660763055086136
0.04728006199002266
0.14828138053417206
0.02543487772345543
0.02543487772345543
0.03931432589888573
0.029949301853775978
0.062141820788383484
0.02543487772345543
0.05980949476361275
0.03691573068499565
0.04324891045689583
0.04495037719607353
0.02543487772345543
0.02543487772345543
0.02543487772345543
0.02543487772345543
0.03640563413500786
0.02543487772345543
0.06600891798734665
0.02543487772345543
0.1343420296907425
0.1670151650905609
0.05851151794195175
0.02543487772345543
0.0629916861653328
0.02543487772345543
0.08663995563983917
0.02543487772345543
0.02543487772345543
0.03027987666428089
0.0809049904346466
0.02543487772345543
0.0595855638384819
0.07700749486684799
0.22241778671741486
0.23187841475009918
0.02543487772345543
0.20875954627990723
0.02543487772345543
0.02543487772345543
0.07036801427602768
0.24247464537620544
0.04626218602061272
0.07972381263971329
0.030012307688593864
0.03021053411066532
0.02543487772345543
0.02543487772345543
0.02543487772345543
0.04319950193166733
0.19420495629310608
0.03296620398759842
0.05873303487896919
0.02543487772345543
0.26369956135749817
0.068229079246521
0.08990857750177383
0.03296620398759842
0.03621012717485428
0.07628609240055084
0.0371464304625988
0.02543487772345543
0.03640563413500786
0.02543487772345543
0.02543487772345543
0.22645767033100128
0.02543487772345543
0.07613668590784073
0.030076805502176285
0.05167277529835701
0.02543487772345543
0.030076805502176285
0.03014286607503891
0.03958548232913017
0.03621012717485428
0.03296620398759842
0.24540068209171295
0.02543487772345543
0.030076805502176285
0.05881993845105171
0.02543487772345543
0.03296620398759842
0.32886144518852234
0.02543487772345543
0.07036801427602768
0.0915331244468689
0.03014286607503891
0.030012307688593864
0.061194539070129395
0.043253086507320404
0.06956800818443298
0.34684106707572937
0.07269145548343658
0.09385991841554642
0.04323030635714531
0.02543487772345543
0.02543487772345543
0.11139937490224838
0.21174393594264984
0.02543487772345543
0.02543487772345543
0.047578971832990646
0.02543487772345543
0.24510835111141205
0.051690418273210526
0.030012307688593864
0.03953240439295769
0.06497251242399216
0.02543487772345543
0.03296620398759842
0.043220337480306625
0.02543487772345543
0.14278088510036469
0.06860148161649704
0.04754244536161423
0.06278889626264572
0.04796446114778519
0.24448804557323456
0.02543487772345543
0.02543487772345543
0.16662096977233887
0.24632923305034637
0.02543487772345543
0.1682400107383728
0.09918245673179626
0.02543487772345543
0.02543487772345543
0.03940219059586525
0.15745598077774048
0.02543487772345543
0.26374807953834534
0.03296620398759842
0.02543487772345543
0.0628555566072464
0.04754244536161423
0.02543487772345543
0.34535712003707886
0.061831094324588776
0.2765145003795624
0.02543487772345543
0.16579924523830414
0.02543487772345543
0.02543487772345543
0.05875019729137421
0.02543487772345543
0.04319046810269356
0.03620674088597298
0.07195448130369186
0.02543487772345543
0.02543487772345543
0.02543487772345543
0.3264601230621338
0.3399355113506317
0.06936674565076828
0.043171364814043045
0.05977082625031471
0.02543487772345543
0.02543487772345543
0.02543487772345543
0.04325968399643898
0.03929084911942482
0.02543487772345543
0.03296620398759842
0.02543487772345543
0.02543487772345543
0.04385588318109512
0.02543487772345543
0.08243551105260849
0.1162681058049202
0.19364070892333984
0.16405077278614044
0.07406741380691528
0.02543487772345543
0.02543487772345543
0.07738139480352402
0.02543487772345543
0.09477823227643967
0.08362504839897156
0.02543487772345543
0.2577778697013855
0.02543487772345543
0.02543487772345543
0.03931432589888573
0.13166798651218414
0.04592951387166977
0.09567512571811676
0.02543487772345543
0.04321305453777313
0.04021981731057167
0.03958548232913017
0.05129316821694374
0.0768854171037674
0.02543487772345543
0.02543487772345543
0.34252995252609253
0.06167018786072731
0.2503173053264618
0.2701171636581421
0.15805669128894806
0.02543487772345543
0.07207053154706955
0.02543487772345543
0.05977526307106018
0.02543487772345543
0.02543487772345543
0.02543487772345543
0.11139937490224838
0.3380942940711975
0.02543487772345543
0.03296620398759842
0.06032603234052658
0.10887211561203003
0.02543487772345543
0.02543487772345543
0.12898877263069153
0.11033669859170914
0.04856875538825989
0.24727369844913483
0.22430628538131714
0.2397676259279251
0.09352942556142807
0.02543487772345543
0.02543487772345543
0.02543487772345543
0.043270234018564224
0.25539663434028625
0.02543487772345543
0.02543487772345543
0.02543487772345543
0.05622697249054909
0.27151229977607727
0.3422817289829254
0.02543487772345543
0.2568070888519287
0.02543487772345543
0.26506006717681885
0.044783808290958405
0.12462949752807617
0.02543487772345543
0.04888876527547836
0.05142797902226448
0.030076805502176285
0.02543487772345543
0.05622697249054909
0.02543487772345543
0.3232956528663635
0.07714885473251343
0.02543487772345543
0.03647877275943756
0.043270234018564224
0.03296620398759842
0.03296620398759842
0.02543487772345543
0.03296620398759842
0.02543487772345543
0.02543487772345543
0.02543487772345543
0.04951341077685356
0.03027987666428089
0.34742099046707153
0.02543487772345543
0.04323911666870117
0.02543487772345543
0.3365023732185364
0.06996200978755951
0.0371016263961792
0.02543487772345543
0.06308601051568985
0.26045477390289307
0.04428044706583023
0.04472384601831436
0.07998470216989517
0.34995758533477783
0.03940219059586525
0.03296620398759842
0.02543487772345543
0.02543487772345543
0.03296620398759842
0.02543487772345543
0.1059241071343422
0.02543487772345543
0.05207563936710358
0.03027987666428089
0.02543487772345543
0.04323911666870117
0.25391796231269836
0.03296620398759842
0.14804412424564362
0.0564362034201622
0.02543487772345543
0.02543487772345543
0.10551609098911285
0.07999194413423538
0.21716202795505524
0.06919367611408234
0.02543487772345543
0.04320025071501732
0.09718961268663406
0.02543487772345543
0.04385588318109512
0.11471448838710785
0.02543487772345543
0.1017182469367981
0.02543487772345543
0.04728006199002266
0.2090023308992386
0.05815616622567177
0.02543487772345543
0.02543487772345543
0.11783744394779205
0.02543487772345543
0.04472384601831436
0.3281033933162689
0.08736441284418106
0.09687017649412155
0.05622697249054909
0.02543487772345543
0.16207332909107208
0.02543487772345543
0.0842900201678276
0.02543487772345543
0.03296620398759842
0.2489936500787735
0.02543487772345543
0.02543487772345543
0.039771780371665955
0.09352942556142807
0.25137704610824585
0.02543487772345543
0.02543487772345543
0.3162234127521515
0.24158315360546112
0.02543487772345543
0.07172922044992447
0.02543487772345543
0.23841145634651184
0.07628609240055084
0.05167277529835701
0.030076805502176285
0.06557688117027283
0.33318331837654114
0.029949301853775978
0.03940219059586525
0.0789802223443985
0.244596466422081
0.02543487772345543
0.02543487772345543
0.04871312901377678
0.02543487772345543
0.02543487772345543
0.02543487772345543
0.04321001097559929
0.04472384601831436
0.04564043506979942
0.02543487772345543
0.05167277529835701
0.056431662291288376
0.0371396504342556
0.02543487772345543
0.19826413691043854
0.24639330804347992
0.02543487772345543
0.02543487772345543
0.20678049325942993
0.03621012717485428
0.02543487772345543
0.02543487772345543
0.02543487772345543
0.04325968399643898
0.03027987666428089
0.02543487772345543
0.03940219059586525
0.059375468641519547
0.2459513545036316
0.02543487772345543
0.02543487772345543
0.02543487772345543
0.05622697249054909
0.02543487772345543
0.02543487772345543
0.08760929852724075
0.3464193344116211
0.02543487772345543
0.03027987666428089
0.02543487772345543
0.15690495073795319
0.02543487772345543
0.17276357114315033
0.17534923553466797
0.08663995563983917
0.08944106101989746
0.16145145893096924
0.07267098873853683
0.02543487772345543
0.02543487772345543
0.08362504839897156
0.1323288232088089
0.12630601227283478
0.11140022426843643
0.02543487772345543
0.07327847182750702
0.02543487772345543
0.03296620398759842
0.03296620398759842
0.05928788706660271
0.05875019729137421
0.02543487772345543
0.03940986096858978
0.11948288977146149
0.02543487772345543
0.16748596727848053
0.06075610592961311
0.2216361165046692
0.030012307688593864
0.13329949975013733
0.02543487772345543
0.02543487772345543
0.04634760320186615
0.18716326355934143
0.02543487772345543
0.062159039080142975
0.04491638392210007
0.33304813504219055
0.02543487772345543
0.02543487772345543
0.09330786019563675
0.03931432589888573
0.03296620398759842
0.24400191009044647
0.2050238847732544
0.02543487772345543
0.02543487772345543
0.03027987666428089
0.07844869792461395
0.02543487772345543
0.20678049325942993
0.16913853585720062
0.09260087460279465
0.02543487772345543
0.02543487772345543
0.02543487772345543
0.02543487772345543
0.02543487772345543
0.02543487772345543
0.02543487772345543
0.33459076285362244
0.0680791512131691
0.1104784905910492
0.13588809967041016
0.2646797001361847
0.02543487772345543
0.02543487772345543
0.02543487772345543
0.02543487772345543
0.02543487772345543
0.15132324397563934
0.03940219059586525
0.02543487772345543
0.03296620398759842
0.08829343318939209
0.02543487772345543
0.2597940266132355
0.07036801427602768
0.02543487772345543
0.03949253633618355
0.02543487772345543
0.06271257996559143
0.02543487772345543
0.35217049717903137
0.05162841081619263
0.1108020767569542
0.02543487772345543
0.08229752629995346
0.17884862422943115
0.03931432589888573
0.030012307688593864
0.0727163702249527
0.02543487772345543
0.04472384601831436
0.02543487772345543
0.08663995563983917
0.03934524208307266
0.02543487772345543
0.03296620398759842
0.3432271182537079
0.3365976810455322
0.02543487772345543
0.11139937490224838
0.2770574986934662
0.02543487772345543
0.051604244858026505
0.04427241533994675
0.02543487772345543
0.06907963752746582
0.24493521451950073
0.03621012717485428
0.04916704446077347
0.07282087206840515
0.11770305037498474
0.02543487772345543
0.02543487772345543
0.04913287237286568
0.02543487772345543
0.02543487772345543
0.05529084801673889
0.19553977251052856
0.02543487772345543
0.04323911666870117
0.02543487772345543
0.03296620398759842
0.02543487772345543
0.13458482921123505
0.02543487772345543
0.33458057045936584
0.043246228247880936
0.02543487772345543
0.02543487772345543
0.3512354791164398
0.030012307688593864
0.06872937083244324
0.25067469477653503
0.02543487772345543
0.05161568894982338
0.02543487772345543
0.02543487772345543
0.33297625184059143
0.02543487772345543
0.02543487772345543
0.02543487772345543
0.05705150216817856
0.23190775513648987
0.043270234018564224
0.03296620398759842
0.02543487772345543
0.02543487772345543
0.03021053411066532
0.10176078230142593
0.04037509858608246
0.02543487772345543
0.02543487772345543
0.03296620398759842
0.02543487772345543
0.06388017535209656
0.24448804557323456
0.02543487772345543
0.04428044706583023
0.02543487772345543
0.02543487772345543
0.02543487772345543
0.04008597135543823
0.03296620398759842
0.09316194802522659
0.02543487772345543
0.02543487772345543
0.02543487772345543
0.02543487772345543
0.0483613982796669
0.04323911666870117
0.03014286607503891
0.04908537492156029
0.061761870980262756
0.07613047957420349
0.10624395310878754
0.12052122503519058
0.030076805502176285
0.02543487772345543
0.17846046388149261
0.04428044706583023
0.05875019729137421
0.3503205478191376
0.02543487772345543
0.02543487772345543
0.04321910813450813
0.02543487772345543
0.02543487772345543
0.02543487772345543
0.02543487772345543
0.03640563413500786
0.16142113506793976
0.08999026566743851
0.02543487772345543
0.22683100402355194
0.10520892590284348
0.0839831531047821
0.02543487772345543
0.33695149421691895
0.32887816429138184
0.3412732183933258
0.3408273756504059
0.32446473836898804
0.31618189811706543
0.2655620276927948
0.3226894438266754
0.32085928320884705
0.2689458131790161
0.23680554330348969
0.3354753851890564
0.2404315024614334
0.2581852376461029
0.24302399158477783
0.256034255027771
0.22774267196655273
0.2451588213443756
0.18030837178230286
0.1636863648891449
0.2569631338119507
0.24599313735961914
0.2224210500717163
0.21538035571575165
0.32797375321388245
0.12554003298282623
0.11770952492952347
0.1453719437122345
0.20792104303836823
0.16106624901294708
0.0983424261212349
0.26099830865859985
0.33621880412101746
0.27188658714294434
0.21102435886859894
0.1220109760761261
0.26046693325042725
0.2134450227022171
0.1087895929813385
0.09134405851364136
0.12205115705728531
0.11838842928409576
0.160772442817688
0.22825779020786285
0.11562460660934448
0.33502888679504395
0.17098727822303772
0.13524143397808075
0.17145264148712158
0.10218853503465652
0.1445762664079666
0.07515636831521988
0.2492811530828476
0.17598481476306915
0.3291030824184418
0.3301944434642792
0.2623938024044037
0.24435393512248993
0.2075244039297104
0.19379304349422455
0.13667447865009308
0.21883940696716309
0.10438209027051926
0.1839175969362259
0.09113003313541412
0.17019949853420258
0.12938426434993744
0.13604643940925598
0.1882549673318863
0.12156523764133453
0.08985447883605957
0.14863163232803345
0.16276368498802185
0.13813388347625732
0.25764089822769165
0.0839860811829567
0.09261500090360641
0.12098044902086258
0.26038503646850586
0.07863175868988037
0.3272564709186554
0.04859355092048645
0.08131005614995956
0.14489099383354187
0.23855186998844147
0.14014482498168945
0.1421472132205963
0.07571948319673538
0.06160123646259308
0.22241778671741486
0.07368721812963486
0.24477455019950867
0.32731491327285767
0.08654511719942093
0.12052122503519058
0.21380028128623962
0.25387635827064514
0.11920700967311859
0.07175211608409882
0.12125829607248306
0.05529084801673889
0.15778963267803192
0.05990049988031387
0.04769765958189964
0.13768504559993744
0.25583139061927795
0.09827131032943726
0.3299509286880493
0.11973060667514801
0.1792040467262268
0.06073061376810074
0.2070653885602951
0.04564043506979942
0.2627675533294678
0.03726065158843994
0.1169293224811554
0.059088073670864105
0.12091393023729324
0.25800153613090515
0.06853257864713669
0.2309599071741104
0.08703237771987915
0.06974103301763535
0.12838493287563324
0.09172297269105911
0.05167277529835701
0.11836253106594086
0.07161524146795273
0.06412109732627869
0.039319273084402084
0.0754711702466011
0.2594575881958008
0.097323477268219
0.09346397966146469
0.10809152573347092
0.05529084801673889
0.04428044706583023
0.11139937490224838
0.09142877161502838
0.07826145738363266
0.03662106394767761
0.10211082547903061
0.05156334489583969
0.19027920067310333
0.18466384708881378
0.21423505246639252
0.06178843975067139
0.03659868612885475
0.10063256323337555
0.07036801427602768
0.18264691531658173
0.11641337722539902
0.10918238759040833
0.05156334489583969
0.3320589065551758
0.0628516748547554
0.03296620398759842
0.03621012717485428
0.03640563413500786
0.039299532771110535
0.07358045130968094
0.03296620398759842
0.07685359567403793
0.06273944675922394
0.05815616622567177
0.18459178507328033
0.03296620398759842
0.06368541717529297
0.05529084801673889
0.06266039609909058
0.06298864632844925
0.12144405394792557
0.04049494117498398
0.11247994005680084
0.15694044530391693
0.1445762664079666
0.06266039609909058
0.043270234018564224
0.06449796259403229
0.059375468641519547
0.07416982203722
0.09729932993650436
0.059375468641519547
0.1339518278837204
0.1461845338344574
0.03296620398759842
0.06298864632844925
0.2492455393075943
0.06240430101752281
0.12820225954055786
0.04777975380420685
0.05948866531252861
0.03949253633618355
0.03296620398759842
0.05854978784918785
0.11783744394779205
0.03640563413500786
0.04385588318109512
0.13441479206085205
0.07734308391809464
0.04505724459886551
0.1090318039059639
0.2498837113380432
0.05238518863916397
0.22926579415798187
0.03660763055086136
0.059375468641519547
0.1090318039059639
0.10581928491592407
0.04325968399643898
0.10660311579704285
0.14305099844932556
0.03021053411066532
0.04754244536161423
0.1445762664079666
0.08999026566743851
0.11545960605144501
0.11222942173480988
0.2534360885620117
0.05875019729137421
0.24448804557323456
0.24688182771205902
0.1872626692056656
0.04472384601831436
0.06083809211850166
0.03929821029305458
0.05145711079239845
0.07213383913040161
0.02543487772345543
0.08018264919519424
0.09352942556142807
0.05205627903342247
0.07282087206840515
0.04326190426945686
0.06003136560320854
0.06457151472568512
0.13559271395206451
0.02543487772345543
0.04323911666870117
0.062413811683654785
0.03296620398759842
0.07265426218509674
0.02543487772345543
0.05144709348678589
0.26235231757164
0.07161524146795273
0.24310319125652313
0.0770375058054924
0.057579994201660156
0.08663995563983917
0.06357472389936447
0.04326190426945686
0.04328060895204544
0.030076805502176285
0.04511478915810585
0.07882122695446014
0.15690495073795319
0.08663995563983917
0.02543487772345543
0.03296620398759842
0.03296620398759842
0.1189524307847023
0.1090318039059639
0.05228868126869202
0.04325968399643898
0.27033233642578125
0.04472384601831436
0.15821713209152222
0.12595145404338837
0.13530036807060242
0.22452248632907867
0.04325968399643898
0.05145711079239845
0.03995072469115257
0.07161524146795273
0.02543487772345543
0.03296620398759842
0.23666900396347046
0.07282087206840515
0.061200909316539764
0.19379304349422455
0.05156334489583969
0.10855970531702042
0.08514519780874252
0.04472384601831436
0.052232544869184494
0.08171692490577698
0.02543487772345543
0.05156334489583969
0.02543487772345543
0.07724464684724808
0.03014286607503891
0.03296620398759842
0.062241360545158386
0.07628609240055084
0.1445762664079666
0.062241360545158386
0.05970508232712746
0.3108842968940735
0.05875019729137421
0.06273944675922394
0.07033742964267731
0.04323911666870117
0.2581465542316437
0.059375468641519547
0.06549050658941269
0.11139937490224838
0.18508946895599365
0.2471405267715454
0.05136152729392052
0.07036801427602768
0.03660763055086136
0.2059355080127716
0.06220387667417526
0.13606365025043488
0.05875019729137421
0.3332441747188568
0.10542227327823639
0.03640563413500786
0.06308601051568985
0.08760929852724075
0.09301449358463287
0.03946802020072937
0.24448804557323456
0.03296620398759842
0.09352942556142807
0.059375468641519547
0.2600305676460266
0.1090318039059639
0.02543487772345543
0.27087682485580444
0.02543487772345543
0.07161524146795273
0.0770375058054924
0.04323911666870117
0.02543487772345543
0.03296620398759842
0.21883940696716309
0.0907352864742279
0.02543487772345543
0.09608196467161179
0.03014286607503891
0.04320676624774933
0.07036801427602768
0.13697567582130432
0.029949301853775978
0.03949253633618355
0.03958548232913017
0.02543487772345543
0.05167277529835701
0.04564043506979942
0.05660267546772957
0.03296620398759842
0.05875019729137421
0.1293030083179474
0.04584047943353653
0.07535263150930405
0.03660763055086136
0.05145711079239845
0.10780019313097
0.07282087206840515
0.05215366184711456
0.03958548232913017
0.08362504839897156
0.03296620398759842
0.03296620398759842
0.03949253633618355
0.0759984478354454
0.05152307078242302
0.03931432589888573
0.26302212476730347
0.03296620398759842
0.16062703728675842
0.03640563413500786
0.03940219059586525
0.03660763055086136
0.04321001097559929
0.20614509284496307
0.08663995563983917
0.05156334489583969
0.04885921999812126
0.059150371700525284
0.05821339413523674
0.02543487772345543
0.26263993978500366
0.23650182783603668
0.05145711079239845
0.02543487772345543
0.02543487772345543
0.04518700763583183
0.04385588318109512
0.07578089833259583
0.085033118724823
0.07205451279878616
0.02543487772345543
0.25471797585487366
0.03931432589888573
0.03296620398759842
0.05887109413743019
0.05139751359820366
0.0564362034201622
0.02543487772345543
0.3267253339290619
0.0703868567943573
0.03296620398759842
0.03296620398759842
0.11139937490224838
0.07628609240055084
0.07900391519069672
0.04472384601831436
0.02543487772345543
0.02543487772345543
0.02543487772345543
0.03296620398759842
0.02543487772345543
0.13257794082164764
0.05156334489583969
0.06308888643980026
0.03975991904735565
0.07915893942117691
0.05129316821694374
0.02543487772345543
0.06938706338405609
0.02543487772345543
0.03021053411066532
0.02543487772345543
0.16527409851551056
0.2047887146472931
0.02543487772345543
0.11067650467157364
0.03296620398759842
0.19260087609291077
0.08903155475854874
0.24473582208156586
0.24448804557323456
0.02543487772345543
0.07732637971639633
0.03296620398759842
0.03958548232913017
0.04325968399643898
0.07036801427602768
0.07036801427602768
0.02543487772345543
0.08304800093173981
0.02543487772345543
0.05815616622567177
0.3109511733055115
0.24448804557323456
0.04838293045759201
0.08362504839897156
0.03296620398759842
0.06860148161649704
0.04552469030022621
0.04728006199002266
0.02543487772345543
0.06308888643980026
0.03949253633618355
0.02543487772345543
0.05220731720328331
0.04325968399643898
0.02543487772345543
0.030076805502176285
0.12015566229820251
0.06399834901094437
0.060727883130311966
0.06333548575639725
0.24123463034629822
0.11161354929208755
0.043246228247880936
0.11419488489627838
0.02543487772345543
0.27259260416030884
0.02543487772345543
0.029949301853775978
0.05158858373761177
0.05790548399090767
0.03629998117685318
0.12126123905181885
0.0770375058054924
0.09651593863964081
0.03296620398759842
0.03027987666428089
0.052850861102342606
0.03027987666428089
0.02543487772345543
0.03296620398759842
0.03931432589888573
0.02543487772345543
0.02543487772345543
0.030076805502176285
0.1869356781244278
0.04754244536161423
0.04463382810354233
0.04760216921567917
0.09352942556142807
0.02543487772345543
0.02543487772345543
0.02543487772345543
0.02543487772345543
0.24448804557323456
0.055632177740335464
0.02543487772345543
0.02543487772345543
0.03296620398759842
0.02543487772345543
0.08760929852724075
0.09338826686143875
0.08080374449491501
0.12488285452127457
0.02543487772345543
0.04428044706583023
0.21663987636566162
0.04325968399643898
0.18018566071987152
0.02543487772345543
0.030012307688593864
0.02543487772345543
0.2608001232147217
0.049914512783288956
0.11783744394779205
0.04385588318109512
0.11761536449193954
0.02543487772345543
0.06240690127015114
0.03296620398759842
0.24624651670455933
0.0879497155547142
0.02543487772345543
0.06308601051568985
0.062241360545158386
0.043259862810373306
0.1428850144147873
0.03296620398759842
0.02543487772345543
0.11139937490224838
0.24388250708580017
0.03014286607503891
0.10581928491592407
0.08999026566743851
0.02543487772345543
0.09374868869781494
0.02543487772345543
0.1114184558391571
0.3423199951648712
0.064621701836586
0.23630939424037933
0.03640563413500786
0.03014286607503891
0.33859577775001526
0.02543487772345543
0.02543487772345543
0.062241360545158386
0.25949716567993164
0.04385588318109512
0.02543487772345543
0.05529084801673889
0.05875019729137421
0.07613047957420349
0.0770375058054924
0.04326190426945686
0.05585775524377823
0.2645725607872009
0.07036801427602768
0.036773182451725006
0.14186707139015198
0.0788005068898201
0.3401815593242645
0.21376170217990875
0.04323911666870117
0.2482205033302307
0.0642421692609787
0.09746061265468597
0.13433116674423218
0.03296620398759842
0.07282087206840515
0.1292087286710739
0.19218912720680237
0.0934142917394638
0.02543487772345543
0.02543487772345543
0.03014286607503891
0.03296620398759842
0.03027987666428089
0.04321910813450813
0.03021053411066532
0.05602918565273285
0.10978098958730698
0.12719914317131042
0.0681317001581192
0.09330786019563675
0.08550486713647842
0.08761129528284073
0.04754244536161423
0.04313298314809799
0.03640563413500786
0.02543487772345543
0.04325968399643898
0.02543487772345543
0.04472227767109871
0.2101178914308548
0.02543487772345543
0.02543487772345543
0.09416282922029495
0.05847959592938423
0.10957180708646774
0.3274270296096802
0.25814199447631836
0.051576077938079834
0.15212483704090118
0.09721814841032028
0.24448804557323456
0.1253119856119156
0.03296620398759842
0.08663995563983917
0.11599787324666977
0.34267139434814453
0.12727457284927368
0.02543487772345543
0.02543487772345543
0.06019812822341919
0.22926579415798187
0.07278384268283844
0.1059221625328064
0.02543487772345543
0.056465502828359604
0.06495016813278198
0.03296620398759842
0.05216069892048836
0.03296620398759842
0.08486967533826828
0.02543487772345543
0.08999026566743851
0.12574225664138794
0.03296620398759842
0.3180643320083618
0.03296620398759842
0.10962104052305222
0.03660763055086136
0.05229051411151886
0.044380251318216324
0.04754244536161423
0.09352942556142807
0.03949172422289848
0.06818673014640808
0.02543487772345543
0.07903938740491867
0.06497222185134888
0.02543487772345543
0.06815696507692337
0.043246228247880936
0.07282087206840515
0.2520962655544281
0.047763220965862274
0.10526576638221741
0.21877406537532806
0.32866010069847107
0.03640563413500786
0.14448848366737366
0.04616953060030937
0.05867358669638634
0.02543487772345543
0.25998175144195557
0.34201741218566895
0.02543487772345543
0.059375468641519547
0.03027987666428089
0.030012307688593864
0.26481541991233826
0.14402948319911957
0.20592612028121948
0.33736175298690796
0.12048645317554474
0.04428044706583023
0.02543487772345543
0.05145711079239845
0.11783744394779205
0.02543487772345543
0.03021053411066532
0.05773542448878288
0.02543487772345543
0.03296620398759842
0.05724961310625076
0.05639779567718506
0.09401538223028183
0.030076805502176285
0.03931432589888573
0.07475051283836365
0.08651364594697952
0.10581928491592407
0.060540564358234406
0.05815616622567177
0.08969967067241669
0.04754244536161423
0.10356035828590393
0.32395365834236145
0.05129316821694374
0.3214980661869049
0.2561624050140381
0.10185062140226364
0.04818035662174225
0.1069672703742981
0.03021053411066532
0.02543487772345543
0.2454395890235901
0.07778740674257278
0.02543487772345543
0.02543487772345543
0.02543487772345543
0.08975794911384583
0.04325968399643898
0.11973060667514801
0.05639385059475899
0.3304064869880676
0.32990485429763794
0.09534814953804016
0.03014286607503891
0.02543487772345543
0.02543487772345543
0.3361175060272217
0.02543487772345543
0.047573771327733994
0.1445762664079666
0.02543487772345543
0.04728006199002266
0.07037457078695297
0.07334062457084656
0.03958548232913017
0.043270234018564224
0.030012307688593864
0.15274196863174438
0.3122628927230835
0.10542736947536469
0.03296620398759842
0.05875019729137421
0.047544676810503006
0.03296620398759842
0.04326190426945686
0.2563101351261139
0.07627226412296295
0.02543487772345543
0.25136953592300415
0.043294016271829605
0.02543487772345543
0.04754244536161423
0.05815616622567177
0.05815616622567177
0.055496614426374435
0.02543487772345543
0.04328060895204544
0.09380713105201721
0.3349605202674866
0.3427613377571106
0.11783744394779205
0.02543487772345543
0.05596784129738808
0.05622697249054909
0.02543487772345543
0.31846311688423157
0.08999026566743851
0.02543487772345543
0.07281475514173508
0.07486400008201599
0.03985997661948204
0.05145711079239845
0.04442211985588074
0.02543487772345543
0.02543487772345543
0.32641294598579407
0.04894820973277092
0.23894086480140686
0.02543487772345543
0.02543487772345543
0.029949301853775978
0.02543487772345543
0.24448804557323456
0.3289526700973511
0.02543487772345543
0.25323694944381714
0.11783744394779205
0.2541920244693756
0.03737114369869232
0.08015677332878113
0.10252951085567474
0.14699368178844452
0.0712692141532898
0.06308601051568985
0.15690495073795319
0.02543487772345543
0.05815454572439194
0.0928402990102768
0.03660763055086136
0.03296620398759842
0.1484045684337616
0.03296620398759842
0.03621012717485428
0.09093927592039108
0.03621012717485428
0.02543487772345543
0.02543487772345543
0.02543487772345543
0.030012307688593864
0.06860148161649704
0.05900716781616211
0.23793144524097443
0.3093555271625519
0.04497257620096207
0.03958548232913017
0.030076805502176285
0.03027987666428089
0.029949301853775978
0.02543487772345543
0.10386822372674942
0.3292137384414673
0.03027987666428089
0.05213282257318497
0.02543487772345543
0.03640563413500786
0.1090318039059639
0.24572616815567017
0.0483568049967289
0.02543487772345543
0.02543487772345543
0.07720896601676941
0.06240690127015114
0.057470157742500305
0.05129316821694374
0.03931432589888573
0.03296620398759842
0.24250565469264984
0.3309571444988251
0.06421823799610138
0.02543487772345543
0.043246228247880936
0.02543487772345543
0.03963189944624901
0.03296620398759842
0.04472384601831436
0.05203951895236969
0.04472384601831436
0.24141226708889008
0.08896355330944061
0.030012307688593864
0.07411046326160431
0.03296620398759842
0.09250274300575256
0.03021053411066532
0.02543487772345543
0.13441479206085205
0.05909482762217522
0.1479385942220688
0.03296620398759842
0.07161524146795273
0.0877896174788475
0.06860148161649704
0.15761703252792358
0.03958548232913017
0.04728006199002266
0.03296620398759842
0.26304957270622253
0.05525825545191765
0.02543487772345543
0.062241360545158386
0.24299907684326172
0.07469359785318375
0.043270424008369446
0.04325968399643898
0.043256726115942
0.07096400111913681
0.07925958186388016
0.045382142066955566
0.18459178507328033
0.2538352310657501
0.055234137922525406
0.14685115218162537
0.043270234018564224
0.05145711079239845
0.18434327840805054
0.14949077367782593
0.059375468641519547
0.02543487772345543
0.04323911666870117
0.26208922266960144
0.02543487772345543
0.24202975630760193
0.11652703583240509
0.2706056833267212
0.04323938116431236
0.2605552673339844
0.02543487772345543
0.10916990041732788
0.07322479039430618
0.03660763055086136
0.24319660663604736
0.03640563413500786
0.07773436605930328
0.34638160467147827
0.05815616622567177
0.02543487772345543
0.03296620398759842
0.07692280411720276
0.02543487772345543
0.14072497189044952
0.029949301853775978
0.2380182296037674
0.10581928491592407
0.04323991760611534
0.24006624519824982
0.08132317662239075
0.049214381724596024
0.03958548232913017
0.24308723211288452
0.03296620398759842
0.244942307472229
0.08663995563983917
0.16214431822299957
0.10103460401296616
0.02543487772345543
0.02543487772345543
0.03296620398759842
0.2631103992462158
0.32428643107414246
0.04385588318109512
0.02543487772345543
0.2126990258693695
0.13811223208904266
0.3434368073940277
0.3335633873939514
0.335178405046463
0.34285682439804077
0.33298322558403015
0.3149295747280121
0.2869569957256317
0.3362506031990051
0.29543066024780273
0.26071810722351074
0.24840444326400757
0.3034769892692566
0.25440239906311035
0.32774922251701355
0.15299712121486664
0.33354851603507996
0.3447825610637665
0.33799415826797485
0.32806485891342163
0.3379337787628174
0.23445509374141693
0.31482425332069397
0.1718013435602188
0.19298124313354492
0.33168327808380127
0.33768168091773987
0.12066999077796936
0.16218777000904083
0.32903385162353516
0.3210269808769226
0.3292560577392578
0.24818916618824005
0.1732291430234909
0.18012908101081848
0.22931131720542908
0.12028016149997711
0.11701571941375732
0.13710370659828186
0.21394367516040802
0.14259424805641174
0.2759186327457428
0.08126450330018997
0.34101223945617676
0.2770264446735382
0.11709493398666382
0.12382820248603821
0.08959735929965973
0.11379217356443405
0.3352147042751312
0.13314728438854218
0.10368242114782333
0.25739872455596924
0.23168480396270752
0.33946922421455383
0.0599336139857769
0.07802480459213257
0.1445762664079666
0.17957577109336853
0.2507903277873993
0.11705078929662704
0.09127180278301239
0.09859994798898697
0.1027308851480484
0.34655770659446716
0.31805673241615295
0.2742154002189636
0.3324306011199951
0.33069661259651184
0.2696000337600708
0.17319920659065247
0.1333501935005188
0.17143328487873077
0.11856081336736679
0.0964270755648613
0.22102533280849457
0.2441825419664383
0.21095362305641174
0.09769515693187714
0.17842687666416168
0.2625957131385803
0.24253065884113312
0.044592831283807755
0.06029738485813141
0.09759297966957092
0.25957435369491577
0.12426459789276123
0.08663995563983917
0.22772309184074402
0.12475327402353287
0.09451748430728912
0.03958548232913017
0.336762011051178
0.2628237307071686
0.23736655712127686
0.12075911462306976
0.14803461730480194
0.3250473141670227
0.09526900202035904
0.33432987332344055
0.18209196627140045
0.06394626200199127
0.15755194425582886
0.09945723414421082
0.259061723947525
0.044569578021764755
0.33552488684654236
0.2443564385175705
0.07947801053524017
0.32669204473495483
0.03660763055086136
0.06308888643980026
0.10055546462535858
0.21663987636566162
0.04486624151468277
0.33242058753967285
0.11524885147809982
0.2720084488391876
0.04428044706583023
0.24810051918029785
0.08932697772979736
0.21921148896217346
0.27621451020240784
0.22663690149784088
0.03939524292945862
0.05647321417927742
0.03949253633618355
0.09504833817481995
0.043270234018564224
0.12371935695409775
0.03296620398759842
0.27055612206459045
0.07036801427602768
0.26275449991226196
0.05232526361942291
0.3396008610725403
0.03014286607503891
0.09034502506256104
0.12984953820705414
0.03296620398759842
0.19822479784488678
0.15243053436279297
0.04325968399643898
0.03021053411066532
0.03926235809922218
0.2710164785385132
0.07759924232959747
0.029949301853775978
0.3269193470478058
0.1090318039059639
0.1059221625328064
0.11313286423683167
0.039936188608407974
0.24196729063987732
0.1282520294189453
0.33622926473617554
0.07253338396549225
0.04428044706583023
0.3300810158252716
0.03296620398759842
0.09261500090360641
0.05167277529835701
0.045194949954748154
0.03027987666428089
0.02543487772345543
0.19295893609523773
0.09660341590642929
0.09088637679815292
0.3505745828151703
0.1445762664079666
0.03296620398759842
0.03937011957168579
0.04579252004623413
0.0907352864742279
0.06360826641321182
0.07613047957420349
0.02543487772345543
0.059375468641519547
0.10585366934537888
0.04320676624774933
0.02543487772345543
0.341305673122406
0.03958548232913017
0.25730979442596436
0.08663995563983917
0.03296620398759842
0.04794679582118988
0.05145711079239845
0.2643393576145172
0.31269723176956177
0.04946957901120186
0.0432799868285656
0.03296620398759842
0.1718701422214508
0.04493917524814606
0.09679465740919113
0.062020786106586456
0.02543487772345543
0.07282087206840515
0.34188348054885864
0.343621164560318
0.0447579100728035
0.03027987666428089
0.02543487772345543
0.051963213831186295
0.313066691160202
0.05145711079239845
0.06324107199907303
0.05875019729137421
0.09232977777719498
0.060201581567525864
0.06138155981898308
0.0760997012257576
0.05815616622567177
0.2341139018535614
0.08999026566743851
0.05637191981077194
0.04325968399643898
0.04472930729389191
0.03931432589888573
0.16378609836101532
0.25211063027381897
0.06319808959960938
0.1090318039059639
0.02543487772345543
0.08703365921974182
0.03296620398759842
0.05875019729137421
0.02543487772345543
0.02543487772345543
0.02543487772345543
0.19035649299621582
0.04325968399643898
0.2491166889667511
0.1845422387123108
0.23736043274402618
0.33054623007774353
0.13561737537384033
0.07036801427602768
0.35223567485809326
0.32063451409339905
0.3169151246547699
0.29266810417175293
0.24928109347820282
0.2907194197177887
0.3048231303691864
0.33270809054374695
0.2531803846359253
0.3149304687976837
0.28781694173812866
0.24311625957489014
0.3223387897014618
0.34106186032295227
0.3178628385066986
0.315001904964447
0.23980817198753357
0.25069063901901245
0.12315186113119125
0.2060871571302414
0.3190883994102478
0.22854921221733093
0.1798144280910492
0.318164587020874
0.24946755170822144
0.15940289199352264
0.33644258975982666
0.3201463222503662
0.3277277648448944
0.19413116574287415
0.26162174344062805
0.15857195854187012
0.15867435932159424
0.25103840231895447
0.26141515374183655
0.24694566428661346
0.14680950343608856
0.09449373185634613
0.0888751819729805
0.08828848600387573
0.2696579098701477
0.2129637449979782
0.27065321803092957
0.2246696650981903
0.13782010972499847
0.07424372434616089
0.12137692421674728
0.11884604394435883
0.115965336561203
0.18689632415771484
0.2545493245124817
0.16474677622318268
0.3234802782535553
0.16963385045528412
0.23855186998844147
0.05883533135056496
0.1572752147912979
0.0584450401365757
0.08222837746143341
0.3279438614845276
0.09468712657690048
0.055547650903463364
0.24966660141944885
0.16531075537204742
0.25806525349617004
0.07469332963228226
0.09669898450374603
0.1860235631465912
0.33319273591041565
0.08026690036058426
0.340743750333786
0.08150730282068253
0.0822528675198555
0.03660763055086136
0.08663995563983917
0.05998707562685013
0.07759924232959747
0.12144405394792557
0.12122703343629837
0.08670810610055923
0.06094839796423912
0.22926579415798187
0.06318235397338867
0.15744097530841827
0.057242754846811295
0.30526575446128845
0.11688472330570221
0.33004796504974365
0.06069036200642586
0.18312981724739075
0.06273944675922394
0.16121968626976013
0.1026497557759285
0.2725179195404053
0.11783744394779205
0.0629916861653328
0.2519335150718689
0.05767185240983963
0.3111690878868103
0.2295498251914978
0.09664645045995712
0.23168358206748962
0.10581928491592407
0.2565368711948395
0.22926579415798187
0.14934681355953217
0.07692280411720276
0.2503003180027008
0.05245792865753174
0.07059507817029953
0.1251152902841568
0.25798362493515015
0.1445762664079666
0.059375468641519547
0.13827958703041077
0.05156245827674866
0.0698142945766449
0.11981440335512161
0.06935090571641922
0.07837645709514618
0.11783744394779205
0.11544500291347504
0.03976544365286827
0.04477773234248161
0.039483532309532166
0.2578490078449249
0.057060956954956055
0.05529084801673889
0.322174996137619
0.03946489095687866
0.1882735937833786
0.0983053520321846
0.34002843499183655
0.24448804557323456
0.060663871467113495
0.043259862810373306
0.16276058554649353
0.16887474060058594
0.05626937001943588
0.12773433327674866
0.08760929852724075
0.18690472841262817
0.056466225534677505
0.04949655011296272
0.07036801427602768
0.11004584282636642
0.04385588318109512
0.04770893603563309
0.15535065531730652
0.08579026907682419
0.18692678213119507
0.1395077109336853
0.08663995563983917
0.0839221253991127
0.19010290503501892
0.31879356503486633
0.08682826161384583
0.02543487772345543
0.10581928491592407
0.2967448830604553
0.08833827823400497
0.03984441980719566
0.2597527503967285
0.26110655069351196
0.03296620398759842
0.09823793172836304
0.09766941517591476
0.16573256254196167
0.07233444601297379
0.07161524146795273
0.04728006199002266
0.0629916861653328
0.2567492127418518
0.04728006199002266
0.09393724799156189
0.25219225883483887
0.10335264354944229
0.03296620398759842
0.04428044706583023
0.08820991218090057
0.03983621299266815
0.04387151077389717
0.02543487772345543
0.02543487772345543
0.12676051259040833
0.2333911955356598
0.22926579415798187
0.07363419979810715
0.02543487772345543
0.03940219059586525
0.06244422867894173
0.04328060895204544
0.03949253633618355
0.24448804557323456
0.04728006199002266
0.15910375118255615
0.13223139941692352
0.25809136033058167
0.03940219059586525
0.06138307973742485
0.20511849224567413
0.10678456723690033
0.02543487772345543
0.02543487772345543
0.05145711079239845
0.03296620398759842
0.03931432589888573
0.03296620398759842
0.05129316821694374
0.11531712859869003
0.03296620398759842
0.2725179195404053
0.0644814521074295
0.09623534977436066
0.02543487772345543
0.02543487772345543
0.04428044706583023
0.02543487772345543
0.08999026566743851
0.02543487772345543
0.11123380810022354
0.10072110593318939
0.04728006199002266
0.12731604278087616
0.25446605682373047
0.04754244536161423
0.06273944675922394
0.03296620398759842
0.043220337480306625
0.2535015344619751
0.02543487772345543
0.13377366960048676
0.2596338987350464
0.02543487772345543
0.22926579415798187
0.06640076637268066
0.07524444162845612
0.12574225664138794
0.02543487772345543
0.02543487772345543
0.04385588318109512
0.19949331879615784
0.068034827709198
0.13529455661773682
0.02543487772345543
0.2459222823381424
0.02543487772345543
0.25589311122894287
0.06860148161649704
0.02543487772345543
0.03940840810537338
0.02543487772345543
0.05186779797077179
0.08302265405654907
0.08663995563983917
0.06321064382791519
0.25632768869400024
0.04428044706583023
0.02543487772345543
0.0955704003572464
0.14842842519283295
0.02543487772345543
0.02543487772345543
0.15137961506843567
0.09114769101142883
0.06146073713898659
0.03296620398759842
0.09024033695459366
0.04320025071501732
0.07282087206840515
0.03940219059586525
0.07610815018415451
0.15025857090950012
0.32277369499206543
0.08760929852724075
0.33319252729415894
0.23728783428668976
0.07690802216529846
0.036691781133413315
0.02543487772345543
0.3337991237640381
0.0517868772149086
0.04472384601831436
0.02543487772345543
0.02543487772345543
0.02543487772345543
0.2559853196144104
0.02543487772345543
0.05188293382525444
0.04472384601831436
0.05815616622567177
0.05130079388618469
0.05815616622567177
0.02543487772345543
0.03021053411066532
0.06860148161649704
0.029949301853775978
0.02543487772345543
0.1836339235305786
0.02543487772345543
0.24448804557323456
0.02543487772345543
0.05129316821694374
0.2462429255247116
0.02543487772345543
0.19066055119037628
0.24448804557323456
0.20482496917247772
0.04472384601831436
0.08663995563983917
0.02543487772345543
0.059375468641519547
0.03296620398759842
0.051804155111312866
0.03640563413500786
0.02543487772345543
0.059913136065006256
0.03949253633618355
0.07895609736442566
0.02543487772345543
0.08847862482070923
0.06860148161649704
0.043270424008369446
0.2489113211631775
0.02543487772345543
0.20441724359989166
0.02543487772345543
0.02543487772345543
0.22382542490959167
0.07352496683597565
0.06471320241689682
0.03296620398759842
0.05815616622567177
0.08999026566743851
0.02543487772345543
0.15690495073795319
0.03296620398759842
0.24812793731689453
0.03621012717485428
0.05529084801673889
0.02543487772345543
0.07980228215456009
0.059375468641519547
0.10997370630502701
0.07036801427602768
0.08460555970668793
0.2706874907016754
0.06825418770313263
0.02543487772345543
0.10856971889734268
0.02543487772345543
0.2015225887298584
0.06527534872293472
0.2612059414386749
0.32215309143066406
0.03949253633618355
0.25297364592552185
0.24448804557323456
0.029949301853775978
0.24538569152355194
0.24477455019950867
0.04754244536161423
0.13441479206085205
0.13441479206085205
0.02543487772345543
0.043246228247880936
0.05167277529835701
0.25350573658943176
0.08925621211528778
0.02543487772345543
0.02543487772345543
0.055797625333070755
0.1860235631465912
0.06860148161649704
0.052381377667188644
0.02543487772345543
0.02543487772345543
0.02543487772345543
0.059375468641519547
0.02543487772345543
0.05960099399089813
0.05622697249054909
0.06384429335594177
0.24629069864749908
0.02543487772345543
0.02543487772345543
0.05129316821694374
0.04472384601831436
0.04326190426945686
0.06254918873310089
0.060688238590955734
0.03296620398759842
0.02543487772345543
0.1491805464029312
0.02543487772345543
0.060078635811805725
0.13548950850963593
0.08805081993341446
0.02543487772345543
0.10269245505332947
0.03296620398759842
0.04326190426945686
0.2517566382884979
0.02543487772345543
0.02543487772345543
0.0770375058054924
0.09352942556142807
0.06815696507692337
0.03958548232913017
0.0617772713303566
0.05145711079239845
0.1445762664079666
0.02543487772345543
0.043246228247880936
0.02543487772345543
0.14363671839237213
0.0770375058054924
0.10581928491592407
0.03296620398759842
0.02543487772345543
0.097743920981884
0.02543487772345543
0.17205041646957397
0.02543487772345543
0.02543487772345543
0.02543487772345543
0.09175777435302734
0.03958548232913017
0.13036978244781494
0.08760929852724075
0.03931432589888573
0.19644568860530853
0.12258827686309814
0.10893372446298599
0.03296620398759842
0.02543487772345543
0.02543487772345543
0.02543487772345543
0.02543487772345543
0.03931432589888573
0.03021053411066532
0.22937507927417755
0.11139937490224838
0.02543487772345543
0.24448804557323456
0.11569909006357193
0.02543487772345543
0.10307098925113678
0.02543487772345543
0.030012307688593864
0.05952465161681175
0.06298864632844925
0.02543487772345543
0.1894710510969162
0.08999026566743851
0.0915483683347702
0.02543487772345543
0.09097965806722641
0.09352942556142807
0.0962083712220192
0.052366357296705246
0.02543487772345543
0.11829057335853577
0.02543487772345543
0.05138048902153969
0.02543487772345543
0.02543487772345543
0.029949301853775978
0.05815616622567177
0.02543487772345543
0.02543487772345543
0.02543487772345543
0.02543487772345543
0.036970168352127075
0.02543487772345543
0.10645348578691483
0.07628609240055084
0.23950639367103577
0.06483618915081024
0.03027987666428089
0.08237574249505997
0.08302668482065201
0.1441042423248291
0.02543487772345543
0.06283950060606003
0.02543487772345543
0.03021053411066532
0.18646372854709625
0.07835034281015396
0.02543487772345543
0.02543487772345543
0.02543487772345543
0.06911040842533112
0.07282087206840515
0.02543487772345543
0.24499090015888214
0.2412148416042328
0.04326025769114494
0.03027987666428089
0.03296620398759842
0.04328116029500961
0.02543487772345543
0.05622697249054909
0.06260619312524796
0.06279738992452621
0.06400174647569656
0.02543487772345543
0.02543487772345543
0.02543487772345543
0.02543487772345543
0.04389529302716255
0.23706072568893433
0.0636758953332901
0.08340711891651154
0.02543487772345543
0.02543487772345543
0.03296620398759842
0.03296620398759842
0.02543487772345543
0.05167277529835701
0.08362504839897156
0.02543487772345543
0.02543487772345543
0.0914153903722763
0.02543487772345543
0.2673730254173279
0.11139937490224838
0.06037799268960953
0.02543487772345543
0.02543487772345543
0.2547603249549866
0.03021053411066532
0.02543487772345543
0.11871501058340073
0.34052354097366333
0.33372846245765686
0.2282123863697052
0.25094589591026306
0.04728006199002266
0.07036801427602768
0.24732659757137299
0.08249930292367935
0.02543487772345543
0.029949301853775978
0.11795032024383545
0.09571972489356995
0.02543487772345543
0.043270234018564224
0.07636100798845291
0.2620498538017273
0.20630919933319092
0.07692280411720276
0.02543487772345543
0.32857802510261536
0.3305254876613617
0.059375468641519547
0.12432020157575607
0.25181785225868225
0.02543487772345543
0.043246228247880936
0.08270926028490067
0.043265070766210556
0.12482313811779022
0.04728006199002266
0.1265711784362793
0.04864044114947319
0.02543487772345543
0.02543487772345543
0.02543487772345543
0.12254727631807327
0.02543487772345543
0.07036801427602768
0.02543487772345543
0.02543487772345543
0.22955499589443207
0.07210308313369751
0.24435393512248993
0.02543487772345543
0.12525205314159393
0.02543487772345543
0.312149316072464
0.3250894546508789
0.05167277529835701
0.09146422892808914
0.09237523376941681
0.1091543659567833
0.02543487772345543
0.06318726390600204
0.26247909665107727
0.02543487772345543
0.02543487772345543
0.2520304024219513
0.02543487772345543
0.02543487772345543
0.02543487772345543
0.05167442187666893
0.25360411405563354
0.2523808181285858
0.2558438181877136
0.03296620398759842
0.03296620398759842
0.24758389592170715
0.07221949845552444
0.27148208022117615
0.02543487772345543
0.10236040502786636
0.20022228360176086
0.11039489507675171
0.07161524146795273
0.07730384171009064
0.03027987666428089
0.32836034893989563
0.037153445184230804
0.32650887966156006
0.02543487772345543
0.03296620398759842
0.16281487047672272
0.03948533907532692
0.02543487772345543
0.12249765545129776
0.33306124806404114
0.03296620398759842
0.02543487772345543
0.2597940266132355
0.03296620398759842
0.02543487772345543
0.07334521412849426
0.0733722448348999
0.02543487772345543
0.04324891045689583
0.02543487772345543
0.04728006199002266
0.09620531648397446
0.039973240345716476
0.02543487772345543
0.02543487772345543
0.05276211351156235
0.03922881558537483
0.25282031297683716
0.03021053411066532
0.02543487772345543
0.04576805606484413
0.3110382556915283
0.02543487772345543
0.02543487772345543
0.03963027149438858
0.02543487772345543
0.11139937490224838
0.05216720700263977
0.2567114531993866
0.21211451292037964
0.02543487772345543
0.02543487772345543
0.27188658714294434
0.08362504839897156
0.02543487772345543
0.03296620398759842
0.02543487772345543
0.02543487772345543
0.2554738223552704
0.02543487772345543
0.03296620398759842
0.02543487772345543
0.02543487772345543
0.20925042033195496
0.05129316821694374
0.3322283923625946
0.02543487772345543
0.18748296797275543
0.02543487772345543
0.02543487772345543
0.03027987666428089
0.02543487772345543
0.02543487772345543
0.30812081694602966
0.02543487772345543
0.17872418463230133
0.02543487772345543
0.02543487772345543
0.02543487772345543
0.02543487772345543
0.02543487772345543
0.0905478298664093
0.04472384601831436
0.02543487772345543
0.03296620398759842
0.02543487772345543
0.02543487772345543
0.03296620398759842
0.02543487772345543
0.04328060895204544
0.02543487772345543
0.043270424008369446
0.056399039924144745
0.02543487772345543
0.02543487772345543
0.02543487772345543
0.13441479206085205
0.23350465297698975
0.02543487772345543
0.2515517473220825
0.06524424999952316
0.03021053411066532
0.060885488986968994
0.02543487772345543
0.15690495073795319
0.02543487772345543
0.03963561728596687
0.02543487772345543
0.33001142740249634
0.02543487772345543
0.22952690720558167
0.02543487772345543
0.13057291507720947
0.07363419979810715
0.04328060895204544
0.02543487772345543
0.0843418687582016
0.3301975429058075
0.02543487772345543
0.03940219059586525
0.337713360786438
0.11143334954977036
0.04472384601831436
0.1412353366613388
0.05167277529835701
0.030076805502176285
0.02543487772345543
0.25520995259284973
0.02543487772345543
0.030012307688593864
0.02543487772345543
0.02543487772345543
0.03659868612885475
0.24376831948757172
0.03296620398759842
0.24177372455596924
0.06491587311029434
0.2548494338989258
0.02543487772345543
0.03931432589888573
0.05989060550928116
0.26577913761138916
0.16862627863883972
0.02543487772345543
0.32836034893989563
0.3523642122745514
0.3234395980834961
0.31268149614334106
0.3373067378997803
0.24574512243270874
0.2880333662033081
0.33829811215400696
0.34915846586227417
0.30860015749931335
0.3025391399860382
0.3063318431377411
0.2816237509250641
0.3245778977870941
0.2957257628440857
0.2632840871810913
0.30704206228256226
0.24058674275875092
0.30393996834754944
0.25510555505752563
0.34236907958984375
0.33357998728752136
0.3344753086566925
0.3253675401210785
0.2572626769542694
0.2517251968383789
0.09043540060520172
0.17601817846298218
0.34266287088394165
0.3470897972583771
0.2517421841621399
0.3197621703147888
0.34015777707099915
0.25385144352912903
0.15083695948123932
0.25084391236305237
0.1740380972623825
0.26864415407180786
0.2489943653345108
0.10139603167772293
0.21984951198101044
0.24167363345623016
0.24448804557323456
0.25297364592552185
0.18473368883132935
0.23670095205307007
0.34362849593162537
0.3437122106552124
0.16568243503570557
0.21721668541431427
0.09118328988552094
0.1276715099811554
0.3415295481681824
0.3279799818992615
0.13410919904708862
0.24639354646205902
0.23959745466709137
0.2559158504009247
0.2459038347005844
0.2943139970302582
0.1348707526922226
0.21881841123104095
0.08212494105100632
0.1581255942583084
0.05898024141788483
0.3456031382083893
0.143013596534729
0.18004091084003448
0.05543871596455574
0.2747572362422943
0.2379792034626007
0.08924920111894608
0.06041909381747246
0.05873965844511986
0.11139937490224838
0.3331599831581116
0.15872624516487122
0.05815616622567177
0.33833178877830505
0.06414344906806946
0.2569567561149597
0.24220484495162964
0.15730392932891846
0.24448804557323456
0.20998376607894897
0.05936959385871887
0.24537280201911926
0.08362504839897156
0.34412911534309387
0.06425321847200394
0.08663995563983917
0.09958929568529129
0.03673247992992401
0.16531075537204742
0.18065857887268066
0.10971665382385254
0.3415816128253937
0.31748029589653015
0.04537324979901314
0.09310274571180344
0.1694081872701645
0.06417664140462875
0.18554145097732544
0.04807508736848831
0.05815616622567177
0.05244015157222748
0.3368678092956543
0.25897330045700073
0.05220654979348183
0.04452328383922577
0.039403676986694336
0.27631479501724243
0.06511959433555603
0.3498154580593109
0.3432983458042145
0.1716979295015335
0.3319253623485565
0.13441479206085205
0.2664662003517151
0.34017184376716614
0.04323911666870117
0.10297832638025284
0.12921282649040222
0.1043986976146698
0.3321457803249359
0.07939635962247849
0.030012307688593864
0.060061678290367126
0.05216113477945328
0.06080973148345947
0.11588243395090103
0.047706879675388336
0.10277920216321945
0.32831937074661255
0.03621012717485428
0.047896888107061386
0.23499023914337158
0.047933898866176605
0.03021053411066532
0.07326498627662659
0.15795721113681793
0.25059619545936584
0.20907285809516907
0.2721845209598541
0.07282087206840515
0.03934305161237717
0.2282651662826538
0.05971057713031769
0.23734495043754578
0.1090318039059639
0.30296090245246887
0.06308601051568985
0.3491746485233307
0.07285244762897491
0.24447135627269745
0.05529084801673889
0.05784425511956215
0.03296620398759842
0.05650724470615387
0.04428044706583023
0.09972362220287323
0.07261830568313599
0.07036801427602768
0.05167277529835701
0.04456976056098938
0.07474629580974579
0.03296620398759842
0.22686654329299927
0.03979235142469406
0.03640563413500786
0.07613047957420349
0.17808139324188232
0.029949301853775978
0.03971131145954132
0.04385588318109512
0.17032769322395325
0.04815348610281944
0.3397256135940552
0.07628609240055084
0.03949253633618355
0.13974539935588837
0.11323179304599762
0.03296620398759842
0.16276368498802185
0.12038508802652359
0.2714444398880005
0.12985798716545105
0.06606292724609375
0.045209869742393494
0.1264730542898178
0.04492603614926338
0.1938191056251526
0.03296620398759842
0.24856266379356384
0.043293457478284836
0.039393674582242966
0.2491888850927353
0.2558746039867401
0.24448804557323456
0.03296620398759842
0.02543487772345543
0.23272882401943207
0.10139796137809753
0.1386079341173172
0.05622697249054909
0.08999026566743851
0.17710788547992706
0.07658011466264725
0.02543487772345543
0.02543487772345543
0.16263075172901154
0.3421117663383484
0.02543487772345543
0.03640563413500786
0.1388666182756424
0.03296620398759842
0.06489133089780807
0.03027987666428089
0.02543487772345543
0.03021053411066532
0.34618374705314636
0.13206300139427185
0.05529084801673889
0.33693715929985046
0.04324891045689583
0.043270234018564224
0.08999026566743851
0.2731751501560211
0.04754244536161423
0.02543487772345543
0.33245834708213806
0.039319541305303574
0.04320676624774933
0.12485433369874954
0.02543487772345543
0.11589092761278152
0.08738232403993607
0.10336998850107193
0.26062652468681335
0.045570313930511475
0.15060989558696747
0.13837850093841553
0.02543487772345543
0.06191737949848175
0.24931469559669495
0.02543487772345543
0.02543487772345543
0.13581188023090363
0.030076805502176285
0.043133821338415146
0.07389276474714279
0.09194259345531464
0.02543487772345543
0.1371307373046875
0.0680709183216095
0.02543487772345543
0.06361706554889679
0.07945331931114197
0.3390003442764282
0.02543487772345543
0.02543487772345543
0.03640563413500786
0.2318410873413086
0.03296620398759842
0.2611857056617737
0.05732204020023346
0.03296620398759842
0.07412765920162201
0.13224650919437408
0.02543487772345543
0.02543487772345543
0.02543487772345543
0.02543487772345543
0.02543487772345543
0.043259862810373306
0.02543487772345543
0.039894506335258484
0.0997672900557518
0.02543487772345543
0.09605883061885834
0.02543487772345543
0.02543487772345543
0.03621012717485428
0.04321001097559929
0.12556886672973633
0.09814926236867905
0.02543487772345543
0.060991279780864716
0.06843426078557968
0.03296620398759842
0.03296620398759842
0.02543487772345543
0.13242264091968536
0.27118438482284546
0.07823614776134491
0.26072055101394653
0.08644860982894897
0.02543487772345543
0.1830846667289734
0.04428044706583023
0.23981867730617523
0.04803147166967392
0.2591789960861206
0.32861757278442383
0.09660341590642929
0.03014286607503891
0.12007969617843628
0.06814249604940414
0.12282543629407883
0.09111714363098145
0.047761913388967514
0.02543487772345543
0.20678049325942993
0.03296620398759842
0.3312089145183563
0.036757517606019974
0.02543487772345543
0.02543487772345543
0.03702419251203537
0.2722803056240082
0.0927208885550499
0.02543487772345543
0.02543487772345543
0.02543487772345543
0.06340866535902023
0.02543487772345543
0.02543487772345543
0.0873216912150383
0.04765147343277931
0.33616453409194946
0.02543487772345543
0.02543487772345543
0.3246287405490875
0.25230562686920166
0.06428694725036621
0.10719906538724899
0.04328060895204544
0.1090318039059639
0.33959463238716125
0.3343365788459778
0.24943791329860687
0.2700018882751465
0.1275094896554947
0.02543487772345543
0.1855628788471222
0.04385588318109512
0.06679224222898483
0.16920123994350433
0.20900225639343262
0.18383027613162994
0.16350696980953217
0.02543487772345543
0.14459654688835144
0.02543487772345543
0.02543487772345543
0.02543487772345543
0.02543487772345543
0.05208512768149376
0.043293215334415436
0.03027987666428089
0.02543487772345543
0.02543487772345543
0.04385588318109512
0.12574225664138794
0.24448804557323456
0.2537631392478943
0.13338856399059296
0.1576724499464035
0.08733326196670532
0.2653307020664215
0.33141323924064636
0.02543487772345543
0.02543487772345543
0.349323570728302
0.09573083370923996
0.0770375058054924
0.3336390554904938
0.03296620398759842
0.02543487772345543
0.05139751359820366
0.05219607427716255
0.02543487772345543
0.03296620398759842
0.06400551646947861
0.2556271553039551
0.07612858712673187
0.02543487772345543
0.11783744394779205
0.05983257293701172
0.04601762443780899
0.18459178507328033
0.03296620398759842
0.02543487772345543
0.02543487772345543
0.02543487772345543
0.1875225007534027
0.2374279797077179
0.03621012717485428
0.052303798496723175
0.04896334931254387
0.06816526502370834
0.04428044706583023
0.06308601051568985
0.2723742425441742
0.16618706285953522
0.03940219059586525
0.02543487772345543
0.24819053709506989
0.18459178507328033
0.02543487772345543
0.02543487772345543
0.07216223329305649
0.09381110221147537
0.2504216730594635
0.05524231493473053
0.10537004470825195
0.11331722885370255
0.07692280411720276
0.1090318039059639
0.02543487772345543
0.02543487772345543
0.030012307688593864
0.06101389601826668
0.05529084801673889
0.15733081102371216
0.08663995563983917
0.02543487772345543
0.08999026566743851
0.08730237185955048
0.0398888923227787
0.06262899190187454
0.04940347373485565
0.18426109850406647
0.05815616622567177
0.029949301853775978
0.11578337103128433
0.02543487772345543
0.02543487772345543
0.22890891134738922
0.03296620398759842
0.07392843812704086
0.34272751212120056
0.04472384601831436
0.144012451171875
0.04433039575815201
0.04428044706583023
0.24338848888874054
0.03296620398759842
0.04823051393032074
0.02543487772345543
0.34876641631126404
0.02543487772345543
0.11082335561513901
0.02543487772345543
0.09614067524671555
0.2570406496524811
0.10581964999437332
0.03296620398759842
0.02543487772345543
0.02543487772345543
0.24448804557323456
0.07728263735771179
0.04319046810269356
0.02543487772345543
0.02543487772345543
0.19260269403457642
0.18748296797275543
0.05872911959886551
0.25323617458343506
0.02543487772345543
0.09352942556142807
0.03296620398759842
0.059375468641519547
0.10581928491592407
0.05712394788861275
0.03958548232913017
0.02543487772345543
0.09434152394533157
0.25859376788139343
0.06413322687149048
0.02543487772345543
0.02543487772345543
0.05156334489583969
0.029949301853775978
0.030012307688593864
0.02543487772345543
0.05796461179852486
0.02543487772345543
0.12083269655704498
0.02543487772345543
0.07978945225477219
0.061428382992744446
0.12380644679069519
0.03296620398759842
0.030076805502176285
0.02543487772345543
0.08999026566743851
0.27018409967422485
0.07655718922615051
0.02543487772345543
0.04451366141438484
0.030012307688593864
0.02543487772345543
0.26474982500076294
0.039349596947431564
0.02543487772345543
0.03021053411066532
0.10084768384695053
0.03296620398759842
0.26023921370506287
0.030076805502176285
0.02543487772345543
0.3251994252204895
0.02543487772345543
0.02543487772345543
0.2622998058795929
0.11982252448797226
0.32135120034217834
0.24896834790706635
0.02543487772345543
0.1600474864244461
0.08845130354166031
0.06104540079832077
0.08663995563983917
0.030012307688593864
0.02543487772345543
0.02543487772345543
0.02543487772345543
0.14389222860336304
0.2587857246398926
0.02543487772345543
0.02543487772345543
0.02543487772345543
0.02543487772345543
0.1287536770105362
0.10589778423309326
0.02543487772345543
0.12764853239059448
0.0396823026239872
0.0664365142583847
0.02543487772345543
0.02543487772345543
0.02543487772345543
0.21918053925037384
0.02543487772345543
0.057339511811733246
0.04472384601831436
0.02543487772345543
0.03296620398759842
0.02543487772345543
0.1445762664079666
0.0809049904346466
0.02543487772345543
0.15992848575115204
0.02543487772345543
0.04323911666870117
0.04385588318109512
0.10475686937570572
0.02543487772345543
0.03672495856881142
0.24258121848106384
0.08357149362564087
0.2257370501756668
0.06308601051568985
0.05159895122051239
0.10954020172357559
0.02543487772345543
0.26916617155075073
0.02543487772345543
0.02543487772345543
0.02543487772345543
0.02543487772345543
0.04526202380657196
0.0370861180126667
0.02543487772345543
0.030012307688593864
0.02543487772345543
0.043253086507320404
0.02543487772345543
0.12363291531801224
0.02543487772345543
0.05989796295762062
0.02543487772345543
0.02543487772345543
0.3286660313606262
0.03296620398759842
0.02543487772345543
0.03643712028861046
0.09935223311185837
0.02543487772345543
0.13286256790161133
0.05875019729137421
0.02543487772345543
0.22926579415798187
0.07242707908153534
0.02543487772345543
0.02543487772345543
0.34343886375427246
0.12820225954055786
0.030076805502176285
0.02543487772345543
0.05161568894982338
0.02543487772345543
0.02543487772345543
0.10581928491592407
0.2539978623390198
0.09614067524671555
0.043270234018564224
0.17167063057422638
0.2575492560863495
0.26973605155944824
0.05268438160419464
0.02543487772345543
0.13239192962646484
0.11783744394779205
0.02543487772345543
0.06111273542046547
0.20426379144191742
0.02543487772345543
0.03931432589888573
0.1519387662410736
0.07385680824518204
0.059375468641519547
0.05749433860182762
0.04749774560332298
0.12763310968875885
0.091341532766819
0.07784027606248856
0.02543487772345543
0.061067648231983185
0.02543487772345543
0.02543487772345543
0.03931432589888573
0.13441479206085205
0.02543487772345543
0.02543487772345543
0.1904061734676361
0.03296620398759842
0.062241360545158386
0.16582091152668
0.02543487772345543
0.03296620398759842
0.02543487772345543
0.20611180365085602
0.2659648358821869
0.3245956599712372
0.1328486055135727
0.02543487772345543
0.06300463527441025
0.02543487772345543
0.09960013628005981
0.03027987666428089
0.03296620398759842
0.2662723660469055
0.02543487772345543
0.10161573439836502
0.039422038942575455
0.02543487772345543
0.02543487772345543
0.03296620398759842
0.02543487772345543
0.02543487772345543
0.049236688762903214
0.02543487772345543
0.02543487772345543
0.26272013783454895
0.02543487772345543
0.10613199323415756
0.02543487772345543
0.03959520533680916
0.13182333111763
0.02543487772345543
0.02543487772345543
0.02543487772345543
0.02543487772345543
0.061293624341487885
0.2535168528556824
0.043253086507320404
0.09379836916923523
0.02543487772345543
0.02543487772345543
0.03296620398759842
0.3340073525905609
0.02543487772345543
0.05167277529835701
0.02543487772345543
0.3400452733039856
0.02543487772345543
0.14731837809085846
0.16475023329257965
0.02543487772345543
0.02543487772345543
0.12556886672973633
0.02543487772345543
0.3415760099887848
0.02543487772345543
0.04728006199002266
0.048976775258779526
0.05622697249054909
0.02543487772345543
0.02543487772345543
0.06212063878774643
0.10324402898550034
0.20719274878501892
0.06107519567012787
0.03296620398759842
0.02543487772345543
0.05000167712569237
0.04385588318109512
0.08663995563983917
0.02543487772345543
0.091341532766819
0.04498322680592537
0.04324891045689583
0.02543487772345543
0.02543487772345543
0.039515987038612366
0.043253086507320404
0.02543487772345543
0.02543487772345543
0.09508133679628372
0.07350136339664459
0.25660115480422974
0.03014286607503891
0.06117448955774307
0.02543487772345543
0.02543487772345543
0.2471405267715454
0.03678596019744873
0.09518960863351822
0.02543487772345543
0.11295320838689804
0.05190637335181236
0.11529257148504257
0.06255493313074112
0.0786423459649086
0.051504962146282196
0.06407970190048218
0.0587572380900383
0.04472384601831436
0.2699952721595764
0.02543487772345543
0.030076805502176285
0.2607308030128479
0.11759781837463379
0.02543487772345543
0.0753067135810852
0.06041909381747246
0.06240690127015114
0.07440772652626038
0.07283958047628403
0.09797301888465881
0.02543487772345543
0.2669709324836731
0.25277867913246155
0.18508946895599365
0.02543487772345543
0.02543487772345543
0.02543487772345543
0.08644860982894897
0.02543487772345543
0.2680197060108185
0.05888549983501434
0.02543487772345543
0.02543487772345543
0.11783744394779205
0.02543487772345543
0.03021053411066532
0.056431662291288376
0.02543487772345543
0.0770864486694336
0.07161524146795273
0.0396510548889637
0.02543487772345543
0.03660763055086136
0.10435973107814789
0.04330304637551308
0.06815696507692337
0.1445762664079666
0.02543487772345543
0.2006305605173111
0.08147374540567398
0.05145711079239845
0.09476461261510849
0.05622697249054909
0.02543487772345543
0.02543487772345543
0.02543487772345543
0.02543487772345543
0.02543487772345543
0.02543487772345543
0.03021053411066532
0.02543487772345543
0.07036801427602768
0.05218227580189705
0.03014286607503891
0.07628609240055084
0.07856301963329315
0.17392560839653015
0.02543487772345543
0.03296620398759842
0.02543487772345543
0.02543487772345543
0.2607117295265198
0.08663995563983917
0.043259862810373306
0.02543487772345543
0.05167277529835701
0.13080130517482758
0.061829499900341034
0.05529084801673889
0.11783744394779205
0.08720801770687103
0.32457485795021057
0.19174562394618988
0.24745389819145203
0.02543487772345543
0.06439420580863953
0.02543487772345543
0.05983512103557587
0.06151585280895233
0.24435393512248993
0.19107213616371155
0.02543487772345543
0.05253695696592331
0.06805029511451721
0.059375468641519547
0.02543487772345543
0.0753684937953949
0.02543487772345543
0.06072187051177025
0.08948146551847458
0.32786786556243896
0.05273307487368584
0.02543487772345543
0.24448804557323456
0.02543487772345543
0.02543487772345543
0.02543487772345543
0.02543487772345543
0.02543487772345543
0.05804098770022392
0.15690495073795319
0.02543487772345543
0.3334089517593384
0.11163029819726944
0.03640563413500786
0.02543487772345543
0.02543487772345543
0.02543487772345543
0.32452255487442017
0.09917618334293365
0.02543487772345543
0.02543487772345543
0.22959932684898376
0.09389184415340424
0.04754244536161423
0.12201105058193207
0.02543487772345543
0.02543487772345543
0.09445808827877045
0.02543487772345543
0.34206193685531616
0.02543487772345543
0.02543487772345543
0.043142106384038925
0.06860148161649704
0.02543487772345543
0.02543487772345543
0.02543487772345543
0.2614033818244934
0.06384799629449844
0.02543487772345543
0.02543487772345543
0.15512526035308838
0.33521008491516113
0.03931432589888573
0.02543487772345543
0.02543487772345543
0.02543487772345543
0.02543487772345543
0.0605071596801281
0.02543487772345543
0.2527235746383667
0.03021053411066532
0.15739643573760986
0.02543487772345543
0.05309443920850754
0.03621012717485428
0.02543487772345543
0.07161524146795273
0.02543487772345543
0.030076805502176285
0.07282087206840515
0.07161524146795273
0.02543487772345543
0.03931432589888573
0.043246228247880936
0.030012307688593864
0.2384214848279953
0.02543487772345543
0.08760929852724075
0.24907349050045013
0.24401028454303741
0.03021053411066532
0.02543487772345543
0.02543487772345543
0.2680218815803528
0.2596660554409027
0.23970845341682434
0.06860148161649704
0.2615683972835541
0.10290803015232086
0.2672180235385895
0.25517624616622925
0.03296620398759842
0.10630720853805542
0.22744928300380707
0.02543487772345543
0.2325519621372223
0.02543487772345543
0.06466075778007507
0.05875019729137421
0.20678049325942993
0.13347196578979492
0.27319759130477905
0.05638735741376877
0.15713177621364594
0.11262897402048111
0.08138147741556168
0.03296620398759842
0.02543487772345543
0.03021053411066532
0.04807719215750694
0.16331066191196442
0.15108834207057953
0.02543487772345543
0.02543487772345543
0.09905468672513962
0.22723761200904846
0.12310001254081726
0.2354973554611206
0.09471410512924194
0.02543487772345543
0.03949253633618355
0.02543487772345543
0.09352942556142807
0.03931432589888573
0.02543487772345543
0.02543487772345543
0.03296620398759842
0.11626870930194855
0.02543487772345543
0.05770263075828552
0.02543487772345543
0.03296620398759842
0.030076805502176285
0.1630028337240219
0.06641305983066559
0.02543487772345543
0.02543487772345543
0.06352201849222183
0.24185775220394135
0.25211063027381897
0.02543487772345543
0.04326190426945686
0.02543487772345543
0.02543487772345543
0.02543487772345543
0.04754244536161423
0.02543487772345543
0.07863574475049973
0.02543487772345543
0.0656716451048851
0.02543487772345543
0.3487904369831085
0.02543487772345543
0.02543487772345543
0.03296620398759842
0.2539183497428894
0.03663284704089165
0.02543487772345543
0.02543487772345543
0.25371670722961426
0.3376987874507904
0.03296620398759842
0.12514102458953857
0.08227961510419846
0.03949253633618355
0.0731939896941185
0.02543487772345543
0.19608382880687714
0.2723802626132965
0.05167277529835701
0.043246228247880936
0.02543487772345543
0.3382161259651184
0.02543487772345543
0.16388392448425293
0.029949301853775978
0.02543487772345543
0.02543487772345543
0.02543487772345543
0.04810482636094093
0.037019357085227966
0.18906985223293304
0.0724223181605339
0.07326498627662659
0.05790548399090767
0.02543487772345543
0.03296620398759842
0.02543487772345543
0.02543487772345543
0.02543487772345543
0.07613047957420349
0.043246228247880936
0.030076805502176285
0.02543487772345543
0.07612833380699158
0.02543487772345543
0.02543487772345543
0.02543487772345543
0.24304445087909698
0.04320676624774933
0.3248201906681061
0.07137729227542877
0.02543487772345543
0.02543487772345543
0.02543487772345543
0.02543487772345543
0.04323911666870117
0.06276962161064148
0.02543487772345543
0.256901353597641
0.02543487772345543
0.17069192230701447
0.06386145204305649
0.02543487772345543
0.045550379902124405
0.26382356882095337
0.02543487772345543
0.2013411819934845
0.02543487772345543
0.02543487772345543
0.23291270434856415
0.2574864625930786
0.02543487772345543
0.02543487772345543
0.23761306703090668
0.030076805502176285
0.02543487772345543
0.10895893722772598
0.2601132392883301
0.21083250641822815
0.1331908106803894
0.030076805502176285
0.07161524146795273
0.06478825211524963
0.11050112545490265
0.26880964636802673
0.06791967898607254
0.02543487772345543
0.1798265278339386
0.02543487772345543
0.02543487772345543
0.07525487244129181
0.03952540084719658
0.17707960307598114
0.12622295320034027
0.030076805502176285
0.049487967044115067
0.02543487772345543
0.02543487772345543
0.02543487772345543
0.03658629581332207
0.10314234346151352
0.03922881558537483
0.03296620398759842
0.02543487772345543
0.2087191343307495
0.03940219059586525
0.02543487772345543
0.19972015917301178
0.02543487772345543
0.02543487772345543
0.04472384601831436
0.062241360545158386
0.02543487772345543
0.06592823565006256
0.043253086507320404
0.19755136966705322
0.05167277529835701
0.02543487772345543
0.02543487772345543
0.25702330470085144
0.02543487772345543
0.0785917416214943
0.030076805502176285
0.02543487772345543
0.1405317634344101
0.02543487772345543
0.05622697249054909
0.10650096088647842
0.02543487772345543
0.02543487772345543
0.10836485028266907
0.043246228247880936
0.16299322247505188
0.08999026566743851
0.12375504523515701
0.02543487772345543
0.043253086507320404
0.02543487772345543
0.02543487772345543
0.02543487772345543
0.06290553510189056
0.03704201430082321
0.1338907778263092
0.02543487772345543
0.029949301853775978
0.062464576214551926
0.02543487772345543
0.02543487772345543
0.07628609240055084
0.04326190426945686
0.21086500585079193
0.22305956482887268
0.02543487772345543
0.03014286607503891
0.2591188848018646
0.03681487217545509
0.02543487772345543
0.02543487772345543
0.05167277529835701
0.02543487772345543
0.18459178507328033
0.02543487772345543
0.02543487772345543
0.02543487772345543
0.02543487772345543
0.04323991760611534
0.3305125832557678
0.07699023932218552
0.3511803448200226
0.02543487772345543
0.14847782254219055
0.039361122995615005
0.0770375058054924
0.09492272138595581
0.26868149638175964
0.33213019371032715
0.06010060757398605
0.02543487772345543
0.02543487772345543
0.07282087206840515
0.030012307688593864
0.02543487772345543
0.05622697249054909
0.16531075537204742
0.13441479206085205
0.02543487772345543
0.07908333837985992
0.15690495073795319
0.039292946457862854
0.2723836302757263
0.18459178507328033
0.2538994550704956
0.09330786019563675
0.12091514468193054
0.07282087206840515
0.02543487772345543
0.02543487772345543
0.03296620398759842
0.3281216025352478
0.13842973113059998
0.06308601051568985
0.02543487772345543
0.21340003609657288
0.06409696489572525
0.02543487772345543
0.02543487772345543
0.02543487772345543
0.06066549941897392
0.05156334489583969
0.15041810274124146
0.07151062786579132
0.231930211186409
0.3399657905101776
0.02543487772345543
0.09405665099620819
0.13275668025016785
0.02543487772345543
0.2523287534713745
0.03296620398759842
0.02543487772345543
0.030012307688593864
0.22218342125415802
0.02543487772345543
0.02543487772345543
0.09882668405771255
0.02543487772345543
0.02543487772345543
0.03296620398759842
0.045550379902124405
0.02543487772345543
0.26232001185417175
0.02543487772345543
0.24039146304130554
0.03296620398759842
0.02543487772345543
0.03296620398759842
0.02543487772345543
0.21975639462471008
0.02543487772345543
0.25803953409194946
0.02543487772345543
0.10986827313899994
0.03296620398759842
0.0772666409611702
0.03931432589888573
0.02543487772345543
0.051863014698028564
0.25101494789123535
0.334212988615036
0.12455745786428452
0.02543487772345543
0.02543487772345543
0.07744507491588593
0.26611465215682983
0.02543487772345543
0.02543487772345543
0.02543487772345543
0.02543487772345543
0.02543487772345543
0.24435393512248993
0.03296620398759842
0.02543487772345543
0.33953848481178284
0.0591701902449131
0.05145711079239845
0.02543487772345543
0.02543487772345543
0.25742846727371216
0.08362504839897156
0.043246228247880936
0.07066790014505386
0.3401241898536682
0.056442856788635254
0.02543487772345543
0.02543487772345543
0.06289565563201904
0.3475632667541504
0.0869658812880516
0.3391951322555542
0.11927399784326553
0.23462501168251038
0.03296620398759842
0.0454913005232811
0.02543487772345543
0.04908641427755356
0.03640563413500786
0.02543487772345543
0.02543487772345543
0.09543848782777786
0.043270234018564224
0.3525109887123108
0.34885233640670776
0.317222535610199
0.3403066396713257
0.34116077423095703
0.29746994376182556
0.30867502093315125
0.34521862864494324
0.31388208270072937
0.2649461627006531
0.31032729148864746
0.32242119312286377
0.32902368903160095
0.3496091663837433
0.24713069200515747
0.33723899722099304
0.3519236445426941
0.34015601873397827
0.34491875767707825
0.15565237402915955
0.3218563497066498
0.2605403661727905
0.339496374130249
0.34104666113853455
0.32562240958213806
0.3523673415184021
0.139633446931839
0.3236284852027893
0.1278640627861023
0.24674294888973236
0.09699331223964691
0.23715993762016296
0.13604596257209778
0.21989122033119202
0.12071607261896133
0.3261898159980774
0.26316121220588684
0.3326072096824646
0.3027006685733795
0.3454053997993469
0.09622792154550552
0.3419652283191681
0.1108822450041771
0.2566269040107727
0.2652142643928528
0.1363987922668457
0.12442851066589355
0.11519519239664078
0.07507358491420746
0.34068113565444946
0.07887103408575058
0.058716267347335815
0.2647280991077423
0.3362879753112793
0.2636730968952179
0.2690815329551697
0.33542194962501526
0.0712692141532898
0.1071852371096611
0.34472349286079407
0.18759478628635406
0.3405982255935669
0.1635633111000061
0.3225068747997284
0.33743607997894287
0.33791136741638184
0.08242519199848175
0.06422193348407745
0.0765390396118164
0.07655900716781616
0.33820265531539917
0.10447254776954651
0.09381028264760971
0.05622697249054909
0.23440472781658173
0.33143195509910583
0.2514283359050751
0.2681940495967865
0.060299791395664215
0.3415304124355316
0.2587263286113739
0.2498837113380432
0.07182230055332184
0.07950693368911743
0.10202370584011078
0.11646723747253418
0.07683800160884857
0.08670810610055923
0.3495018482208252
0.3430894911289215
0.266213983297348
0.13072404265403748
0.06927231699228287
0.3475275933742523
0.03681015595793724
0.1175723597407341
0.3417464792728424
0.05766364932060242
0.0969679206609726
0.25607869029045105
0.06419786810874939
0.20966340601444244
0.060741350054740906
0.3523016571998596
0.2680038511753082
0.3509911298751831
0.09456281363964081
0.1345067322254181
0.0629006177186966
0.3387434482574463
0.03949253633618355
0.0798720121383667
0.03660763055086136
0.06877316534519196
0.34205174446105957
0.09907908737659454
0.34210866689682007
0.06860148161649704
0.08052831143140793
0.24541957676410675
0.16840951144695282
0.06266039609909058
0.10547973215579987
0.20678049325942993
0.056792251765728
0.07518535107374191
0.03640563413500786
0.060025330632925034
0.269862562417984
0.3297155201435089
0.05855999514460564
0.27028968930244446
0.04765651375055313
0.04807508736848831
0.05622697249054909
0.06037799268960953
0.12041283398866653
0.0917082354426384
0.09952150285243988
0.030012307688593864
0.15166090428829193
0.09890860319137573
0.16212426126003265
0.04728958010673523
0.057022009044885635
0.03927336633205414
0.11194805055856705
0.24600975215435028
0.16718627512454987
0.030076805502176285
0.07342108339071274
0.09169947355985641
0.05156334489583969
0.02543487772345543
0.13741901516914368
0.06273944675922394
0.23585055768489838
0.06095331534743309
0.05529084801673889
0.3416200876235962
0.3172304332256317
0.21220247447490692
0.08128467947244644
0.08760929852724075
0.3470406234264374
0.09553422033786774
0.09221258014440536
0.2653301954269409
0.05145711079239845
0.049085717648267746
0.3446352481842041
0.26659056544303894
0.3448418080806732
0.23646144568920135
0.04324891045689583
0.03027987666428089
0.02543487772345543
0.3461357355117798
0.07591661810874939
0.03021053411066532
0.12650173902511597
0.33480480313301086
0.12688510119915009
0.2739465534687042
0.030076805502176285
0.1389022022485733
0.09785380214452744
0.02543487772345543
0.02543487772345543
0.03621012717485428
0.20630919933319092
0.04472384601831436
0.3440180718898773
0.07285204529762268
0.03960827365517616
0.33646926283836365
0.04448927938938141
0.08760929852724075
0.05145711079239845
0.07161524146795273
0.03940219059586525
0.14503900706768036
0.34610962867736816
0.02543487772345543
0.15661689639091492
0.14044755697250366
0.3367084264755249
0.03296620398759842
0.12211204320192337
0.07657045871019363
0.05863634869456291
0.16397583484649658
0.33045029640197754
0.05167277529835701
0.06099137291312218
0.03027987666428089
0.08144188672304153
0.03296620398759842
0.07036801427602768
0.02543487772345543
0.06852537393569946
0.030076805502176285
0.34420648217201233
0.05167277529835701
0.03296620398759842
0.06928586214780807
0.2651645839214325
0.24212493002414703
0.02543487772345543
0.04014204442501068
0.02543487772345543
0.11772411316633224
0.03296620398759842
0.352526992559433
0.03958548232913017
0.03621012717485428
0.09314462542533875
0.23111389577388763
0.2734116315841675
0.11629121005535126
0.20600365102291107
0.07997287064790726
0.047473516315221786
0.12377254664897919
0.33962079882621765
0.262226402759552
0.3400917053222656
0.03296620398759842
0.03296620398759842
0.3436153829097748
0.3263745903968811
0.02543487772345543
0.05868607386946678
0.02543487772345543
0.2381642460823059
0.04320676624774933
0.0461738184094429
0.07824213057756424
0.08198975026607513
0.22977420687675476
0.06466436386108398
0.151267409324646
0.3360038697719574
0.02543487772345543
0.07282087206840515
0.2638934850692749
0.06003548949956894
0.1682693362236023
0.03660763055086136
0.18592379987239838
0.02543487772345543
0.323571115732193
0.20520861446857452
0.24496033787727356
0.1266317069530487
0.2418057769536972
0.2600305676460266
0.33197131752967834
0.11495701968669891
0.12626592814922333
0.24994023144245148
0.12353911250829697
0.17129790782928467
0.3222217857837677
0.16356052458286285
0.10036183893680573
0.24473582208156586
0.09313862770795822
0.24492554366588593
0.09355378895998001
0.27516502141952515
0.2708789110183716
0.20678049325942993
0.24255669116973877
0.09958929568529129
0.136629119515419
0.07045084983110428
0.15764015913009644
0.22634027898311615
0.07943331450223923
0.24477455019950867
0.15690495073795319
0.1090318039059639
0.13441479206085205
0.16049395501613617
0.24227024614810944
0.26273927092552185
0.24732659757137299
0.24732659757137299
0.24732659757137299
0.24732659757137299
0.24732659757137299
0.24732659757137299
0.24732659757137299
0.24732659757137299
0.24732659757137299
0.24732659757137299
0.24732659757137299
0.24732659757137299
0.24732659757137299
0.24732659757137299
0.24732659757137299
0.24732659757137299
0.24732659757137299
0.24732659757137299
0.24732659757137299
0.24732659757137299
0.24732659757137299
0.24732659757137299
0.24732659757137299
0.24732659757137299
0.24732659757137299
0.24732659757137299
0.24732659757137299
0.24732659757137299
0.24732659757137299
0.24732659757137299
0.24732659757137299
0.24732659757137299
0.24732659757137299
0.24732659757137299
0.24732659757137299
0.24732659757137299
0.24732659757137299
0.24732659757137299
0.24732659757137299
0.24732659757137299
0.24732659757137299
0.24732659757137299
0.24732659757137299
0.24732659757137299
0.24732659757137299
0.24732659757137299
0.24732659757137299
0.24732659757137299
0.24732659757137299
0.24732659757137299
0.24732659757137299
0.24732659757137299
0.24732659757137299
0.24732659757137299
0.24732659757137299
0.24732659757137299
0.24732659757137299
0.24732659757137299
0.24732659757137299
0.24732659757137299
0.24732659757137299
0.24732659757137299
0.24732659757137299
0.24732659757137299
0.24732659757137299
0.24732659757137299
0.24732659757137299
0.24732659757137299
0.24732659757137299
0.24732659757137299
0.24732659757137299
0.24732659757137299
0.24732659757137299
0.24732659757137299
0.24732659757137299
0.24732659757137299
0.24732659757137299
0.24732659757137299
0.24732659757137299
0.24732659757137299
0.24732659757137299
0.24732659757137299
0.24732659757137299
0.24732659757137299
0.24732659757137299
0.24732659757137299
0.24732659757137299
0.24732659757137299
0.24732659757137299
0.24732659757137299
0.24732659757137299
0.24732659757137299
0.24732659757137299
0.24732659757137299
0.24732659757137299
0.24732659757137299
0.24732659757137299
0.24732659757137299
0.24732659757137299
0.24732659757137299
0.24732659757137299
0.24732659757137299
0.24732659757137299
0.24732659757137299
0.24732659757137299
0.24732659757137299
0.24732659757137299
0.24732659757137299
0.24732659757137299
0.24732659757137299
0.24732659757137299
0.24732659757137299
0.24732659757137299
0.24732659757137299
0.24732659757137299
0.24732659757137299
0.24732659757137299
0.24732659757137299
0.24732659757137299
0.24732659757137299
0.24732659757137299
0.24732659757137299
0.24732659757137299
0.24732659757137299
0.24732659757137299
0.24732659757137299
0.24732659757137299
0.24732659757137299
0.24732659757137299
0.24732659757137299
0.24732659757137299
0.24732659757137299
0.24732659757137299
0.24732659757137299
0.24732659757137299
0.24732659757137299
0.24732659757137299
0.24732659757137299
0.24732659757137299
0.24732659757137299
0.24732659757137299
0.24732659757137299
0.24732659757137299
0.24732659757137299
0.24732659757137299
0.24732659757137299
0.24732659757137299
0.24732659757137299
0.24732659757137299
0.24732659757137299
0.24732659757137299
0.24732659757137299
0.24732659757137299
0.24732659757137299
0.24732659757137299
0.24732659757137299
0.24732659757137299
0.24732659757137299
0.24732659757137299
0.24732659757137299
0.24732659757137299
0.24732659757137299
0.24732659757137299
0.24732659757137299
0.24732659757137299
0.24732659757137299
0.24732659757137299
0.24732659757137299
0.24732659757137299
0.24732659757137299
0.24732659757137299
0.24732659757137299
0.24732659757137299
0.24732659757137299
0.24732659757137299
0.24732659757137299
0.24732659757137299
0.24732659757137299
0.24732659757137299
0.24732659757137299
0.24732659757137299
0.24732659757137299
0.24732659757137299
0.24732659757137299
0.24732659757137299
0.24732659757137299
0.24732659757137299
0.24732659757137299
0.24732659757137299
0.24732659757137299
0.24732659757137299
0.24732659757137299
0.24732659757137299
0.24732659757137299
0.24732659757137299
0.24732659757137299
0.24732659757137299
0.24732659757137299
0.24732659757137299
0.24732659757137299
0.24732659757137299
0.24732659757137299
0.24732659757137299
0.24732659757137299
0.24732659757137299
0.24732659757137299
0.24732659757137299
0.24732659757137299
0.24732659757137299
0.24732659757137299
0.24732659757137299
0.24732659757137299
0.24732659757137299
0.24732659757137299
0.24732659757137299
0.24732659757137299
0.24732659757137299
0.24732659757137299
0.24732659757137299
0.24732659757137299
0.24732659757137299
0.24732659757137299
0.24732659757137299
0.24732659757137299
0.24732659757137299
0.24732659757137299
0.24732659757137299
0.24732659757137299
0.24732659757137299
0.24732659757137299
0.24732659757137299
0.24732659757137299
0.24732659757137299
0.24732659757137299
0.24732659757137299
0.24732659757137299
0.24732659757137299
0.24732659757137299
0.24732659757137299
0.24732659757137299
0.24732659757137299
0.24732659757137299
0.24732659757137299
0.24732659757137299
0.24732659757137299
0.24732659757137299
0.24732659757137299
0.24732659757137299
0.24732659757137299
0.24732659757137299
0.24732659757137299
0.24732659757137299
0.24732659757137299
0.24732659757137299
0.24732659757137299
0.24732659757137299
0.24732659757137299
0.24732659757137299
0.24732659757137299
0.24732659757137299
0.24732659757137299
0.24732659757137299
0.24732659757137299
0.24732659757137299
0.24732659757137299
0.24732659757137299
0.24732659757137299
0.24732659757137299
0.24732659757137299
0.24732659757137299
0.24732659757137299
0.24732659757137299
0.24732659757137299
0.24732659757137299
0.24732659757137299
0.24732659757137299
0.24732659757137299
0.24732659757137299
0.24732659757137299
0.24732659757137299
0.24732659757137299
0.24732659757137299
0.24732659757137299
0.24732659757137299
0.24732659757137299
0.24732659757137299
0.24732659757137299
0.24732659757137299
0.24732659757137299
0.24732659757137299
0.24732659757137299
0.24732659757137299
0.24732659757137299
0.24732659757137299
0.24732659757137299
0.24732659757137299
0.24732659757137299
0.24732659757137299
0.24732659757137299
0.24732659757137299
0.24732659757137299
0.24732659757137299
0.24732659757137299
0.24732659757137299
0.24732659757137299
0.24732659757137299
0.24732659757137299
0.24732659757137299
0.24732659757137299
0.24732659757137299
0.24732659757137299
0.24732659757137299
0.24732659757137299
0.24732659757137299
0.24732659757137299
0.24732659757137299
0.24732659757137299
0.24732659757137299
0.24732659757137299
0.24732659757137299
0.24732659757137299
0.24732659757137299
0.24732659757137299
0.24732659757137299
0.24732659757137299
0.24732659757137299
0.24732659757137299
0.24732659757137299
0.24732659757137299
0.24732659757137299
0.24732659757137299
0.24732659757137299
0.24732659757137299
0.24732659757137299
0.24732659757137299
0.24732659757137299
0.24732659757137299
0.24732659757137299
0.24732659757137299
0.24732659757137299
0.24732659757137299
0.24732659757137299
0.24732659757137299
0.24732659757137299
0.24732659757137299
0.24732659757137299
0.24732659757137299
0.24732659757137299
0.24732659757137299
0.24732659757137299
0.24732659757137299
0.24732659757137299
0.24732659757137299
0.24732659757137299
0.24732659757137299
0.24732659757137299
0.24732659757137299
0.24732659757137299
0.24732659757137299
0.24732659757137299
0.24732659757137299
0.24732659757137299
0.24732659757137299
0.24732659757137299
0.24732659757137299
0.24732659757137299
0.24732659757137299
0.24732659757137299
0.24732659757137299
0.24732659757137299
0.24732659757137299
0.24732659757137299
0.24732659757137299
0.24732659757137299
0.24732659757137299
0.24732659757137299
0.24732659757137299
0.24732659757137299
0.24732659757137299
0.24732659757137299
0.24732659757137299
0.24732659757137299
0.24732659757137299
0.24732659757137299
0.24732659757137299
0.24732659757137299
0.24732659757137299
0.24732659757137299
0.24732659757137299
0.24732659757137299
0.24732659757137299
0.24732659757137299
0.24732659757137299
0.24732659757137299
0.24732659757137299
0.24732659757137299
0.24732659757137299
0.24732659757137299
0.24732659757137299
0.24732659757137299
0.24732659757137299
0.24732659757137299
0.24732659757137299
0.24732659757137299
0.24732659757137299
0.24732659757137299
0.24732659757137299
0.24732659757137299
0.24732659757137299
0.24732659757137299
0.24732659757137299
0.24732659757137299
0.24732659757137299
0.24732659757137299
0.24732659757137299
0.24732659757137299
0.24732659757137299
0.24732659757137299
0.24732659757137299
0.24732659757137299
0.24732659757137299
0.24732659757137299
0.24732659757137299
0.24732659757137299
0.24732659757137299
0.24732659757137299
0.24732659757137299
0.24732659757137299
0.24732659757137299
0.24732659757137299
0.24732659757137299
0.24732659757137299
0.24732659757137299
0.24732659757137299
0.24732659757137299
0.24732659757137299
0.24732659757137299
0.24732659757137299
0.24732659757137299
0.24732659757137299
0.24732659757137299
0.24732659757137299
0.24732659757137299
0.24732659757137299
0.24732659757137299
0.24732659757137299
0.24732659757137299
0.24732659757137299
0.24732659757137299
0.24732659757137299
0.24732659757137299
0.24732659757137299
0.24732659757137299
0.24732659757137299
0.24732659757137299
0.24732659757137299
0.24732659757137299
0.24732659757137299
0.24732659757137299
0.24732659757137299
0.24732659757137299
0.24732659757137299
0.24732659757137299
0.24732659757137299
0.24732659757137299
0.24732659757137299
0.24732659757137299
0.24732659757137299
0.24732659757137299
0.24732659757137299
0.24732659757137299
0.24732659757137299
0.24732659757137299
0.24732659757137299
0.24732659757137299
0.24732659757137299
0.24732659757137299
0.24732659757137299
0.24732659757137299
0.24732659757137299
0.24732659757137299
0.24732659757137299
0.24732659757137299
0.24732659757137299
0.24732659757137299
0.24732659757137299
0.24732659757137299
0.24732659757137299
0.24732659757137299
0.24732659757137299
0.24732659757137299
0.24732659757137299
0.24732659757137299
0.24732659757137299
0.24732659757137299
0.24732659757137299
0.24732659757137299
0.24732659757137299
0.24732659757137299
0.24732659757137299
0.24732659757137299
0.24732659757137299
0.24732659757137299
0.24732659757137299
0.24732659757137299
0.24732659757137299
0.24732659757137299
0.24732659757137299
0.24732659757137299
0.24732659757137299
0.24732659757137299
0.24732659757137299
0.24732659757137299
0.24732659757137299
0.24732659757137299
0.24732659757137299
0.24732659757137299
0.24732659757137299
0.24732659757137299
0.24732659757137299
0.24732659757137299
0.24732659757137299
0.24732659757137299
0.24732659757137299
0.24732659757137299
0.24732659757137299
0.24732659757137299
0.24732659757137299
0.24732659757137299
0.24732659757137299
0.24732659757137299
0.24732659757137299
0.24732659757137299
